{
  "main_hub": {
    "Name": "main_hub",
    "CG": [
      5.297554136456226,
      0.0,
      0.0
    ],
    "MASS": 0.01929731139586816,
    "Translation": [
      0.0,
      0.0,
      10.159999999999998
    ],
    "Rotation": [
      [
        -1.0,
        0.0,
        -6.123233995736766e-17
      ],
      [
        6.123233995736766e-17,
        0.0,
        -1.0
      ],
      [
        0.0,
        -1.0,
        0.0
      ]
    ]
  },
  "mid_tube_r": {
    "Name": "mid_tube_r",
    "CG": [
      0.0,
      0.0,
      70.00000000000001
    ],
    "MASS": 0.007949287752046489,
    "Translation": [
      -2.04241468513352e-15,
      10.16,
      10.159999999999998
    ],
    "Rotation": [
      [
        -2.6764391209584475e-33,
        -1.0,
        -6.123233995736766e-17
      ],
      [
        4.370956789862822e-17,
        -6.123233995736766e-17,
        1.0
      ],
      [
        -1.0,
        0.0,
        4.370956789862822e-17
      ]
    ]
  },
  "side_hub_r": {
    "Name": "side_hub_r",
    "CG": [
      5.297554136456226,
      0.0,
      0.0
    ],
    "MASS": 0.01929731139586816,
    "Translation": [
      -1.0614942279164992e-14,
      160.32,
      10.160000000000004
    ],
    "Rotation": [
      [
        -5.849299874203903e-50,
        -4.014658681437671e-33,
        1.0
      ],
      [
        -1.0,
        6.556435184794232e-17,
        5.849299874203903e-50
      ],
      [
        -6.556435184794232e-17,
        -1.0,
        -4.014658681437671e-33
      ]
    ]
  },
  "front_rail_r": {
    "Name": "front_rail_r",
    "CG": [
      0.0,
      0.0,
      40.00000000000001
    ],
    "MASS": 0.004542450144026565,
    "Translation": [
      10.15999999999999,
      160.32,
      10.160000000000004
    ],
    "Rotation": [
      [
        -4.014658681437671e-33,
        5.849299874203903e-50,
        1.0
      ],
      [
        6.556435184794232e-17,
        1.0,
        5.849299874203903e-50
      ],
      [
        -1.0,
        6.556435184794232e-17,
        -4.014658681437671e-33
      ]
    ]
  },
  "front_flange_r": {
    "Name": "front_flange_r",
    "CG": [
      0.0,
      28.307006383895775,
      0.0
    ],
    "MASS": 0.025749747760097526,
    "Translation": [
      68.14666666666666,
      160.32,
      10.160000000000004
    ],
    "Rotation": [
      [
        4.505524407917255e-49,
        1.0,
        -4.014658681437671e-33
      ],
      [
        1.0,
        5.849299874203903e-50,
        1.2679669180530997e-16
      ],
      [
        1.2679669180530997e-16,
        -4.014658681437671e-33,
        -1.0
      ]
    ]
  },
  "front_motor_r": {
    "Name": "front_motor_r",
    "CG": [
      0.0,
      15.098649299482684,
      0.08114728627214962
    ],
    "MASS": 0.075,
    "Translation": [
      140.46166666666664,
      160.32,
      10.160000000000004
    ],
    "Rotation": [
      [
        -4.505524407917255e-49,
        -1.0,
        -4.014658681437671e-33
      ],
      [
        -1.0,
        -5.849299874203903e-50,
        1.2679669180530997e-16
      ],
      [
        -1.2679669180530997e-16,
        4.014658681437671e-33,
        -1.0
      ]
    ]
  },
  "front_prop_r": {
    "Name": "front_prop_r",
    "CG": [
      0.0,
      0.0,
      4.19
    ],
    "MASS": 0.007980000000000001,
    "Translation": [
      148.84166666666664,
      160.32,
      10.160000000000004
    ],
    "Rotation": [
      [
        -4.014658681437671e-33,
        4.1093707016501263e-50,
        -1.0
      ],
      [
        4.333940468211103e-18,
        -1.0,
        -5.849299874203903e-50
      ],
      [
        -1.0,
        -4.333940468211103e-18,
        4.014658681437671e-33
      ]
    ]
  },
  "front_wing_tube_r": {
    "Name": "front_wing_tube_r",
    "CG": [
      0.0,
      0.0,
      27.5
    ],
    "MASS": 0.003122934474018263,
    "Translation": [
      95.24,
      160.32,
      3.552713678800501e-15
    ],
    "Rotation": [
      [
        1.0,
        4.505524407917255e-49,
        4.014658681437671e-33
      ],
      [
        5.8492998742039e-50,
        1.0,
        -1.2679669180530997e-16
      ],
      [
        -4.014658681437671e-33,
        1.2679669180530997e-16,
        1.0
      ]
    ]
  },
  "front_right_wing": {
    "Name": "front_right_wing",
    "CG": [
      63.09814408802302,
      0.0,
      224.8910640761602
    ],
    "MASS": 0.022974968598573696,
    "Translation": [
      132.74000000000004,
      450.0,
      46.08930605185173
    ],
    "Rotation": [
      [
        -1.0,
        -4.014658681437671e-33,
        -1.2246467991473532e-16
      ],
      [
        1.2246467991473532e-16,
        1.2679669180530997e-16,
        -1.0
      ],
      [
        1.9542774957622298e-32,
        -1.0,
        -1.2679669180530997e-16
      ]
    ]
  },
  "front_servo_r": {
    "Name": "front_servo_r",
    "CG": [
      0.0,
      10.368429113387037,
      0.054644325956025946
    ],
    "MASS": 0.0048,
    "Translation": [
      64.04,
      225.0,
      45.1893060518517
    ],
    "Rotation": [
      [
        4.014658681437671e-33,
        -1.0,
        -1.2246467991473532e-16
      ],
      [
        -1.2679669180530997e-16,
        1.2246467991473532e-16,
        -1.0
      ],
      [
        1.0,
        1.9542774957622298e-32,
        -1.2679669180530997e-16
      ]
    ]
  },
  "rear_rail_r": {
    "Name": "rear_rail_r",
    "CG": [
      0.0,
      0.0,
      110.0
    ],
    "MASS": 0.012491737896073052,
    "Translation": [
      -10.16000000000001,
      160.32,
      10.160000000000004
    ],
    "Rotation": [
      [
        -4.3709567898628225e-17,
        1.2246467991473532e-16,
        -1.0
      ],
      [
        6.556435184794232e-17,
        -1.0,
        -1.2246467991473532e-16
      ],
      [
        -1.0,
        -6.556435184794232e-17,
        4.370956789862822e-17
      ]
    ]
  },
  "rear_hub_r": {
    "Name": "rear_hub_r",
    "CG": [
      5.297554136456226,
      0.0,
      0.0
    ],
    "MASS": 0.01929731139586816,
    "Translation": [
      -240.32000000000002,
      160.31999999999996,
      10.160000000000013
    ],
    "Rotation": [
      [
        -4.370956789862822e-17,
        -1.2246467991473532e-16,
        1.0
      ],
      [
        4.332011890574662e-18,
        1.0,
        1.2246467991473532e-16
      ],
      [
        -1.0,
        4.332011890574667e-18,
        -4.370956789862822e-17
      ]
    ]
  },
  "vertical_r": {
    "Name": "vertical_r",
    "CG": [
      0.0,
      0.0,
      75.0
    ],
    "MASS": 0.008517094020049808,
    "Translation": [
      -240.32000000000002,
      160.31999999999996,
      1.2434497875801753e-14
    ],
    "Rotation": [
      [
        -1.2246467991473532e-16,
        1.0,
        1.752277205873944e-17
      ],
      [
        1.0,
        1.2246467991473532e-16,
        -1.7522772058739438e-17
      ],
      [
        -1.752277205873944e-17,
        1.752277205873944e-17,
        -1.0
      ]
    ]
  },
  "rear_right_wing": {
    "Name": "rear_right_wing",
    "CG": [
      75.69117484716854,
      0.0,
      304.3505698783638
    ],
    "MASS": 0.044818432039794166,
    "Translation": [
      -195.32000000000005,
      609.0,
      -100.69283880183559
    ],
    "Rotation": [
      [
        -1.0,
        1.752277205873944e-17,
        6.123233995736766e-17
      ],
      [
        -6.123233995736766e-17,
        -1.7522772058739438e-17,
        -1.0
      ],
      [
        -1.752277205873944e-17,
        -1.0,
        1.752277205873944e-17
      ]
    ]
  },
  "rear_servo_l": {
    "Name": "rear_servo_l",
    "CG": [
      0.0,
      10.368429113387037,
      0.054644325956025946
    ],
    "MASS": 0.0048,
    "Translation": [
      -279.02000000000004,
      304.5,
      -101.5928388018356
    ],
    "Rotation": [
      [
        -1.752277205873944e-17,
        -1.0,
        6.123233995736766e-17
      ],
      [
        1.7522772058739438e-17,
        -6.123233995736766e-17,
        -1.0
      ],
      [
        1.0,
        -1.752277205873944e-17,
        1.7522772058739438e-17
      ]
    ]
  },
  "rear_flange_r": {
    "Name": "rear_flange_r",
    "CG": [
      0.0,
      28.307006383895775,
      0.0
    ],
    "MASS": 0.025749747760097526,
    "Translation": [
      -267.41333333333336,
      160.31999999999996,
      -139.84
    ],
    "Rotation": [
      [
        6.123233995736765e-17,
        1.0,
        1.752277205873944e-17
      ],
      [
        1.0,
        -6.123233995736765e-17,
        -1.7522772058739438e-17
      ],
      [
        -1.7522772058739438e-17,
        1.752277205873944e-17,
        -1.0
      ]
    ]
  },
  "rear_motor_r": {
    "Name": "rear_motor_r",
    "CG": [
      0.0,
      15.098649299482684,
      0.08114728627214962
    ],
    "MASS": 0.075,
    "Translation": [
      -195.09833333333336,
      160.31999999999996,
      -139.84
    ],
    "Rotation": [
      [
        -6.123233995736765e-17,
        -1.0,
        1.752277205873944e-17
      ],
      [
        -1.0,
        6.123233995736765e-17,
        -1.7522772058739438e-17
      ],
      [
        1.7522772058739438e-17,
        -1.752277205873944e-17,
        -1.0
      ]
    ]
  },
  "rear_prop_r": {
    "Name": "rear_prop_r",
    "CG": [
      0.0,
      0.0,
      4.19
    ],
    "MASS": 0.007980000000000001,
    "Translation": [
      -186.71833333333336,
      160.31999999999996,
      -139.84
    ],
    "Rotation": [
      [
        1.7522772058739435e-17,
        -6.123233995736765e-17,
        -1.0
      ],
      [
        -1.399855233958383e-16,
        -1.0,
        6.123233995736765e-17
      ],
      [
        -1.0,
        1.399855233958383e-16,
        -1.752277205873944e-17
      ]
    ]
  },
  "top_leg_r": {
    "Name": "top_leg_r",
    "CG": [
      0.0,
      0.0,
      75.0762
    ],
    "MASS": 0.00852574738757418,
    "Translation": [
      -245.40000000000003,
      160.31999999999996,
      -139.84
    ],
    "Rotation": [
      [
        -6.123233995736765e-17,
        -1.752277205873944e-17,
        -1.0
      ],
      [
        -1.0,
        1.7522772058739438e-17,
        6.123233995736765e-17
      ],
      [
        1.7522772058739438e-17,
        1.0,
        -1.752277205873944e-17
      ]
    ]
  },
  "rudder_tube_r": {
    "Name": "rudder_tube_r",
    "CG": [
      0.0,
      0.0,
      20.5
    ],
    "MASS": 0.002328005698813615,
    "Translation": [
      -240.32000000000002,
      160.31999999999996,
      10.160000000000013
    ],
    "Rotation": [
      [
        -1.0,
        4.370956789862822e-17,
        -1.2246467991473532e-16
      ],
      [
        -1.2246467991473532e-16,
        -4.332011890574662e-18,
        1.0
      ],
      [
        4.370956789862822e-17,
        1.0,
        4.332011890574667e-18
      ]
    ]
  },
  "right_rudder": {
    "Name": "right_rudder",
    "CG": [
      42.05638493161126,
      0.0,
      69.8354309315569
    ],
    "MASS": 0.003129803517485201,
    "Translation": [
      -215.32000000000002,
      195.37953357488914,
      -79.83999999999999
    ],
    "Rotation": [
      [
        -1.0,
        1.2246467991473532e-16,
        4.370956789862822e-17
      ],
      [
        -1.2246467991473532e-16,
        -1.0,
        -4.332011890574662e-18
      ],
      [
        4.370956789862822e-17,
        -4.332011890574667e-18,
        1.0
      ]
    ]
  },
  "rudder_servo_r": {
    "Name": "rudder_servo_r",
    "CG": [
      0.0,
      10.368429113387037,
      0.054644325956025946
    ],
    "MASS": 0.0048,
    "Translation": [
      -259.02000000000004,
      194.47953357488913,
      -9.83999999999999
    ],
    "Rotation": [
      [
        -2.0705310083855677e-16,
        -1.0,
        4.370956789862822e-17
      ],
      [
        1.0,
        -2.0705310083855677e-16,
        -4.332011890574662e-18
      ],
      [
        4.332011890574671e-18,
        4.370956789862822e-17,
        1.0
      ]
    ]
  },
  "bottom_leg_r": {
    "Name": "bottom_leg_r",
    "CG": [
      0.0,
      0.0,
      75.0
    ],
    "MASS": 0.008517094020049808,
    "Translation": [
      -250.48000000000002,
      160.31999999999996,
      10.16000000000001
    ],
    "Rotation": [
      [
        -1.6617424781336353e-16,
        7.87551120161071e-17,
        -1.0
      ],
      [
        1.0,
        4.3320118905746765e-18,
        -1.6617424781336353e-16
      ],
      [
        4.332011890574663e-18,
        -1.0,
        -7.87551120161071e-17
      ]
    ]
  },
  "capsule_fuselage": {
    "Name": "capsule_fuselage",
    "CG": [
      -75.00000001650814,
      0.0,
      3.6494762216384076
    ],
    "MASS": 0.36901956696944843,
    "Translation": [
      75.0,
      0.0,
      -50.44999999999996
    ],
    "Rotation": [
      [
        1.0,
        0.0,
        0.0
      ],
      [
        0.0,
        1.0,
        0.0
      ],
      [
        0.0,
        0.0,
        1.0
      ]
    ]
  },
  "Main_Battery": {
    "Name": "Main_Battery",
    "CG": [
      0.0,
      34.49741170904432,
      0.007677556619129611
    ],
    "MASS": 1.1400000000000001,
    "Translation": [
      0.0,
      0.0,
      -17.94999999999996
    ],
    "Rotation": [
      [
        0.0,
        0.0,
        -1.0
      ],
      [
        1.0,
        0.0,
        0.0
      ],
      [
        0.0,
        -1.0,
        0.0
      ]
    ]
  },
  "mid_tube_l": {
    "Name": "mid_tube_l",
    "CG": [
      0.0,
      0.0,
      70.00000000000001
    ],
    "MASS": 0.007949287752046489,
    "Translation": [
      -6.221205739668554e-16,
      -10.16,
      10.159999999999998
    ],
    "Rotation": [
      [
        0.0,
        1.0,
        -6.123233995736766e-17
      ],
      [
        0.0,
        -6.123233995736766e-17,
        -1.0
      ],
      [
        -1.0,
        0.0,
        0.0
      ]
    ]
  },
  "side_hub_l": {
    "Name": "side_hub_l",
    "CG": [
      5.297554136456226,
      0.0,
      0.0
    ],
    "MASS": 0.01929731139586816,
    "Translation": [
      -9.194648167998328e-15,
      -160.32,
      10.159999999999998
    ],
    "Rotation": [
      [
        -2.676439120958447e-33,
        -1.2246467991473532e-16,
        1.0
      ],
      [
        1.0,
        -2.18547839493141e-17,
        1.0035039385890834e-65
      ],
      [
        2.18547839493141e-17,
        1.0,
        1.2246467991473532e-16
      ]
    ]
  },
  "rear_rail_l": {
    "Name": "rear_rail_l",
    "CG": [
      0.0,
      0.0,
      110.0
    ],
    "MASS": 0.012491737896073052,
    "Translation": [
      -10.160000000000009,
      -160.32,
      10.159999999999997
    ],
    "Rotation": [
      [
        -1.6617424781336353e-16,
        1.2246467991473532e-16,
        -1.0
      ],
      [
        -2.1854783949314094e-17,
        1.0,
        1.2246467991473532e-16
      ],
      [
        1.0,
        2.1854783949314116e-17,
        -1.6617424781336353e-16
      ]
    ]
  },
  "rear_hub_l": {
    "Name": "rear_hub_l",
    "CG": [
      5.297554136456226,
      0.0,
      0.0
    ],
    "MASS": 0.01929731139586816,
    "Translation": [
      -240.32,
      -160.31999999999996,
      10.15999999999996
    ],
    "Rotation": [
      [
        2.886389277280988e-16,
        -1.6617424781336353e-16,
        -1.0
      ],
      [
        -3.937755600805359e-17,
        -1.0,
        1.6617424781336353e-16
      ],
      [
        -1.0,
        3.9377556008053545e-17,
        -2.886389277280988e-16
      ]
    ]
  },
  "vertical_l": {
    "Name": "vertical_l",
    "CG": [
      0.0,
      0.0,
      75.0
    ],
    "MASS": 0.008517094020049808,
    "Translation": [
      -240.32,
      -160.31999999999996,
      -4.085620730620576e-14
    ],
    "Rotation": [
      [
        -1.6617424781336353e-16,
        -1.0,
        2.2740658777073115e-16
      ],
      [
        -1.0,
        1.6617424781336353e-16,
        -1.7522772058739472e-17
      ],
      [
        1.7522772058739435e-17,
        -2.2740658777073115e-16,
        -1.0
      ]
    ]
  },
  "rear_flange_l": {
    "Name": "rear_flange_l",
    "CG": [
      0.0,
      28.307006383895775,
      0.0
    ],
    "MASS": 0.025749747760097526,
    "Translation": [
      -267.4133333333333,
      -160.31999999999996,
      -139.84000000000003
    ],
    "Rotation": [
      [
        2.274065877707312e-16,
        1.0,
        2.2740658777073115e-16
      ],
      [
        1.0,
        -2.274065877707312e-16,
        -1.7522772058739472e-17
      ],
      [
        -1.752277205873942e-17,
        2.2740658777073115e-16,
        -1.0
      ]
    ]
  },
  "top_leg_l": {
    "Name": "top_leg_l",
    "CG": [
      0.0,
      0.0,
      75.0762
    ],
    "MASS": 0.00852574738757418,
    "Translation": [
      -245.39999999999998,
      -160.31999999999996,
      -139.84000000000003
    ],
    "Rotation": [
      [
        -2.274065877707312e-16,
        -2.2740658777073115e-16,
        -1.0
      ],
      [
        -1.0,
        1.7522772058739472e-17,
        2.274065877707312e-16
      ],
      [
        1.752277205873942e-17,
        1.0,
        -2.2740658777073115e-16
      ]
    ]
  },
  "rear_motor_l": {
    "Name": "rear_motor_l",
    "CG": [
      0.0,
      15.098649299482684,
      0.08114728627214962
    ],
    "MASS": 0.075,
    "Translation": [
      -195.0983333333333,
      -160.31999999999996,
      -139.84000000000003
    ],
    "Rotation": [
      [
        -2.274065877707312e-16,
        -1.0,
        2.2740658777073115e-16
      ],
      [
        -1.0,
        2.274065877707312e-16,
        -1.7522772058739472e-17
      ],
      [
        1.752277205873942e-17,
        -2.2740658777073115e-16,
        -1.0
      ]
    ]
  },
  "rear_prop_l": {
    "Name": "rear_prop_l",
    "CG": [
      0.0,
      0.0,
      4.19
    ],
    "MASS": 0.007980000000000001,
    "Translation": [
      -186.7183333333333,
      -160.31999999999996,
      -139.84000000000003
    ],
    "Rotation": [
      [
        2.274065877707311e-16,
        -2.2740658777073125e-16,
        -1.0
      ],
      [
        -1.3998552339583833e-16,
        -1.0,
        2.274065877707312e-16
      ],
      [
        -1.0,
        1.3998552339583828e-16,
        -2.2740658777073115e-16
      ]
    ]
  },
  "rear_left_wing": {
    "Name": "rear_left_wing",
    "CG": [
      75.69117862466956,
      0.0,
      304.6494312492164
    ],
    "MASS": 0.04481843206230888,
    "Translation": [
      -195.3199999999999,
      0.0,
      -100.69283880183563
    ],
    "Rotation": [
      [
        -1.0,
        2.2740658777073115e-16,
        -3.498712676854665e-16
      ],
      [
        3.498712676854665e-16,
        -1.7522772058739472e-17,
        -1.0
      ],
      [
        -2.2740658777073115e-16,
        -1.0,
        1.7522772058739392e-17
      ]
    ]
  },
  "rear_servo_r": {
    "Name": "rear_servo_r",
    "CG": [
      0.0,
      10.368429113387037,
      0.054644325956025946
    ],
    "MASS": 0.0048,
    "Translation": [
      -279.02,
      -304.49999999999994,
      -101.59283880183564
    ],
    "Rotation": [
      [
        -2.2740658777073115e-16,
        -1.0,
        -3.498712676854665e-16
      ],
      [
        1.7522772058739472e-17,
        3.498712676854665e-16,
        -1.0
      ],
      [
        1.0,
        -2.2740658777073115e-16,
        1.7522772058739392e-17
      ]
    ]
  },
  "rudder_tube_l": {
    "Name": "rudder_tube_l",
    "CG": [
      0.0,
      0.0,
      20.5
    ],
    "MASS": 0.002328005698813615,
    "Translation": [
      -240.32,
      -160.31999999999996,
      10.15999999999996
    ],
    "Rotation": [
      [
        1.0,
        -2.886389277280988e-16,
        -1.6617424781336353e-16
      ],
      [
        -1.6617424781336353e-16,
        3.937755600805359e-17,
        -1.0
      ],
      [
        2.886389277280988e-16,
        1.0,
        3.9377556008053545e-17
      ]
    ]
  },
  "left_rudder": {
    "Name": "left_rudder",
    "CG": [
      42.05638902885427,
      0.0,
      70.16457418721312
    ],
    "MASS": 0.0031298035208219004,
    "Translation": [
      -215.32,
      -195.37953357488914,
      60.15999999999997
    ],
    "Rotation": [
      [
        -1.0,
        1.6617424781336353e-16,
        1.661742478133635e-16
      ],
      [
        1.6617424781336353e-16,
        1.0,
        -3.937755600805357e-17
      ],
      [
        -1.661742478133635e-16,
        -3.9377556008053545e-17,
        -1.0
      ]
    ]
  },
  "rudder_servo_l": {
    "Name": "rudder_servo_l",
    "CG": [
      0.0,
      10.368429113387037,
      0.054644325956025946
    ],
    "MASS": 0.0048,
    "Translation": [
      -259.02,
      -194.47953357488913,
      -9.840000000000044
    ],
    "Rotation": [
      [
        -2.5076266873718497e-16,
        -1.0,
        1.661742478133635e-16
      ],
      [
        -1.0,
        2.5076266873718497e-16,
        -3.9377556008053576e-17
      ],
      [
        3.937755600805353e-17,
        -1.661742478133635e-16,
        -1.0
      ]
    ]
  },
  "bottom_leg_l": {
    "Name": "bottom_leg_l",
    "CG": [
      0.0,
      0.0,
      75.0
    ],
    "MASS": 0.008517094020049808,
    "Translation": [
      -250.48,
      -160.31999999999996,
      10.159999999999956
    ],
    "Rotation": [
      [
        -1.6617424781336353e-16,
        -2.886389277280988e-16,
        -1.0
      ],
      [
        -1.0,
        3.937755600805359e-17,
        1.6617424781336353e-16
      ],
      [
        3.937755600805354e-17,
        1.0,
        -2.886389277280988e-16
      ]
    ]
  },
  "front_rail_l": {
    "Name": "front_rail_l",
    "CG": [
      0.0,
      0.0,
      40.00000000000001
    ],
    "MASS": 0.004542450144026565,
    "Translation": [
      10.159999999999991,
      -160.32,
      10.16
    ],
    "Rotation": [
      [
        -1.2246467991473532e-16,
        2.676439120958447e-33,
        1.0
      ],
      [
        -2.18547839493141e-17,
        -1.0,
        1.0035039385890834e-65
      ],
      [
        1.0,
        -2.18547839493141e-17,
        1.2246467991473532e-16
      ]
    ]
  },
  "front_flange_l": {
    "Name": "front_flange_l",
    "CG": [
      0.0,
      28.307006383895775,
      0.0
    ],
    "MASS": 0.025749747760097526,
    "Translation": [
      68.14666666666666,
      -160.32,
      10.160000000000007
    ],
    "Rotation": [
      [
        -2.517283586088631e-32,
        1.0,
        1.2246467991473532e-16
      ],
      [
        1.0,
        1.0035039385890834e-65,
        2.0555180382141706e-16
      ],
      [
        2.0555180382141706e-16,
        1.2246467991473532e-16,
        -1.0
      ]
    ]
  },
  "front_wing_tube_l": {
    "Name": "front_wing_tube_l",
    "CG": [
      0.0,
      0.0,
      27.5
    ],
    "MASS": 0.003122934474018263,
    "Translation": [
      95.24,
      -160.32,
      1.0658141036401503e-14
    ],
    "Rotation": [
      [
        1.0,
        -2.517283586088631e-32,
        -1.2246467991473532e-16
      ],
      [
        0.0,
        1.0,
        -2.0555180382141706e-16
      ],
      [
        1.2246467991473532e-16,
        2.0555180382141706e-16,
        1.0
      ]
    ]
  },
  "front_left_wing": {
    "Name": "front_left_wing",
    "CG": [
      63.09812268545339,
      0.0,
      225.10893237894098
    ],
    "MASS": 0.022974968578855875,
    "Translation": [
      132.74000000000004,
      0.0,
      46.08930605185175
    ],
    "Rotation": [
      [
        -1.0,
        1.2246467991473532e-16,
        -1.224646799147353e-16
      ],
      [
        1.2246467991473532e-16,
        2.0555180382141706e-16,
        -1.0
      ],
      [
        -1.224646799147353e-16,
        -1.0,
        -2.0555180382141708e-16
      ]
    ]
  },
  "front_servo_l": {
    "Name": "front_servo_l",
    "CG": [
      0.0,
      10.368429113387037,
      0.054644325956025946
    ],
    "MASS": 0.0048,
    "Translation": [
      64.04,
      -225.0,
      45.189306051851695
    ],
    "Rotation": [
      [
        -1.2246467991473532e-16,
        -1.0,
        -1.224646799147353e-16
      ],
      [
        -2.0555180382141706e-16,
        1.2246467991473532e-16,
        -1.0
      ],
      [
        1.0,
        -1.224646799147353e-16,
        -2.0555180382141708e-16
      ]
    ]
  },
  "front_motor_l": {
    "Name": "front_motor_l",
    "CG": [
      0.0,
      15.098649299482684,
      0.08114728627214962
    ],
    "MASS": 0.075,
    "Translation": [
      140.46166666666664,
      -160.32,
      10.160000000000016
    ],
    "Rotation": [
      [
        2.517283586088631e-32,
        -1.0,
        1.2246467991473532e-16
      ],
      [
        -1.0,
        -1.0035039385890834e-65,
        2.0555180382141706e-16
      ],
      [
        -2.0555180382141706e-16,
        -1.2246467991473532e-16,
        -1.0
      ]
    ]
  },
  "front_prop_l": {
    "Name": "front_prop_l",
    "CG": [
      0.0,
      0.0,
      4.19
    ],
    "MASS": 0.007980000000000001,
    "Translation": [
      148.84166666666664,
      -160.32,
      10.160000000000018
    ],
    "Rotation": [
      [
        1.2246467991473532e-16,
        1.017547421691067e-32,
        -1.0
      ],
      [
        8.308905248431819e-17,
        -1.0,
        -1.0035039385890834e-65
      ],
      [
        -1.0,
        -8.308905248431819e-17,
        -1.2246467991473532e-16
      ]
    ]
  },
  "Orient": {
    "Name": "Orient",
    "CG": [
      0.0,
      0.0,
      0.0
    ],
    "MASS": 1e-07,
    "Translation": [
      0.0,
      0.0,
      0.0
    ],
    "Rotation": [
      [
        1.0,
        0.0,
        0.0
      ],
      [
        0.0,
        1.0,
        0.0
      ],
      [
        0.0,
        0.0,
        1.0
      ]
    ]
  }
}