{
  "fuselage": {
    "Name": "fuselage",
    "CG": [
      -219.56636122546016,
      0.0,
      19.090285967292782
    ],
    "MASS": 185.6406258571154,
    "Translation": [
      0.0,
      0.0,
      0.0
    ],
    "Rotation": [
      [
        1.0,
        0.0,
        0.0
      ],
      [
        0.0,
        1.0,
        0.0
      ],
      [
        0.0,
        0.0,
        1.0
      ]
    ]
  },
  "left_wing": {
    "Name": "left_wing",
    "CG": [
      625.1508918028576,
      0.0,
      4000.0000000000014
    ],
    "MASS": 20.391462835134664,
    "Translation": [
      324.99999999999943,
      -8760.0,
      -8.587808181494851e-12
    ],
    "Rotation": [
      [
        -1.0,
        0.0,
        6.614824397802743e-17
      ],
      [
        6.614824397802743e-17,
        -1.0587972742683852e-15,
        1.0
      ],
      [
        7.003758042157557e-32,
        1.0,
        1.0587972742683852e-15
      ]
    ]
  },
  "left_battery": {
    "Name": "left_battery",
    "CG": [
      525.0,
      0.0,
      3980.952380952381
    ],
    "MASS": 26.752,
    "Translation": [
      325.0,
      -8721.904761904763,
      -1.6058265828178264e-12
    ],
    "Rotation": [
      [
        -1.0,
        5.788634513303916e-32,
        0.0
      ],
      [
        0.0,
        -1.8369701987210292e-16,
        1.0
      ],
      [
        5.788634513303916e-32,
        1.0,
        1.8369701987210292e-16
      ]
    ]
  },
  "passenger1": {
    "Name": "passenger1",
    "CG": [
      -84.7353088765274,
      0.0,
      -541.7015266436733
    ],
    "MASS": 90.0,
    "Translation": [
      5.6292719621909555,
      -210.0,
      573.7500000000001
    ],
    "Rotation": [
      [
        0.8660254037844387,
        2.0543219653946353e-18,
        0.49999999999999994
      ],
      [
        -2.3721266794455074e-18,
        1.0,
        0.0
      ],
      [
        -0.49999999999999994,
        -1.1860633397227535e-18,
        0.8660254037844387
      ]
    ]
  },
  "passenger2": {
    "Name": "passenger2",
    "CG": [
      -84.7353088765274,
      0.0,
      -541.7015266436733
    ],
    "MASS": 90.0,
    "Translation": [
      5.6292719621909555,
      210.0,
      573.7500000000001
    ],
    "Rotation": [
      [
        0.8660254037844387,
        2.0543219653946353e-18,
        0.49999999999999994
      ],
      [
        -2.3721266794455074e-18,
        1.0,
        0.0
      ],
      [
        -0.49999999999999994,
        -1.1860633397227535e-18,
        0.8660254037844387
      ]
    ]
  },
  "right_wing": {
    "Name": "right_wing",
    "CG": [
      625.1508918028576,
      0.0,
      4000.0000000000014
    ],
    "MASS": 20.391462835134664,
    "Translation": [
      325.0,
      760.0,
      -7.999999999999972
    ],
    "Rotation": [
      [
        -1.0,
        -8.035122827338563e-81,
        0.0
      ],
      [
        4.920093725628002e-97,
        -6.123233995736767e-17,
        1.0
      ],
      [
        -8.035122827338563e-81,
        1.0,
        6.123233995736767e-17
      ]
    ]
  },
  "right_battery": {
    "Name": "right_battery",
    "CG": [
      525.0,
      0.0,
      3980.952380952381
    ],
    "MASS": 26.752,
    "Translation": [
      325.0,
      760.0,
      -7.999999999999979
    ],
    "Rotation": [
      [
        -1.0,
        -8.035122827338563e-81,
        0.0
      ],
      [
        4.920093725628002e-97,
        -6.123233995736767e-17,
        1.0
      ],
      [
        -8.035122827338563e-81,
        1.0,
        6.123233995736767e-17
      ]
    ]
  },
  "cross_bar_1": {
    "Name": "cross_bar_1",
    "CG": [
      49.99999996574156,
      0.0,
      0.0
    ],
    "MASS": 0.3809882905275805,
    "Translation": [
      -75.0,
      7.105427357601002e-14,
      -760.0
    ],
    "Rotation": [
      [
        0.0,
        4.017561413669283e-81,
        -1.0
      ],
      [
        1.2246467991473532e-16,
        -1.0,
        -4.017561413669283e-81
      ],
      [
        -1.0,
        -1.2246467991473532e-16,
        -4.920093725628002e-97
      ]
    ]
  },
  "cross_bar_1_BOTTOM": {
    "Name": "cross_bar_1_BOTTOM",
    "CG": [
      249.99998895212968,
      0.0,
      0.0
    ],
    "MASS": 1.9395911911056019,
    "Translation": [
      -25.0,
      7.717750757174679e-14,
      -810.0
    ],
    "Rotation": [
      [
        1.0,
        1.2246467991473532e-16,
        0.0
      ],
      [
        1.2246467991473532e-16,
        -1.0,
        1.2246467991473532e-16
      ],
      [
        1.4997597826618576e-32,
        -1.2246467991473532e-16,
        -1.0
      ]
    ]
  },
  "cross_bar_1_RIGHT": {
    "Name": "cross_bar_1_RIGHT",
    "CG": [
      249.99998895212968,
      0.0,
      0.0
    ],
    "MASS": 1.9395911911056019,
    "Translation": [
      -75.0,
      -49.99999999999992,
      -810.0
    ],
    "Rotation": [
      [
        1.8369701987210297e-16,
        -1.0,
        0.0
      ],
      [
        -1.0,
        -1.8369701987210297e-16,
        1.2246467991473532e-16
      ],
      [
        -1.2246467991473532e-16,
        -2.2496396739927864e-32,
        -1.0
      ]
    ]
  },
  "cross_bar_1_LEFT": {
    "Name": "cross_bar_1_LEFT",
    "CG": [
      249.99998895212968,
      0.0,
      0.0
    ],
    "MASS": 1.9395911911056019,
    "Translation": [
      -74.99999999999999,
      50.00000000000008,
      -810.0
    ],
    "Rotation": [
      [
        -6.123233995736766e-17,
        1.0,
        0.0
      ],
      [
        1.0,
        6.123233995736766e-17,
        1.2246467991473532e-16
      ],
      [
        1.2246467991473532e-16,
        7.498798913309288e-33,
        -1.0
      ]
    ]
  },
  "cross_bar_2": {
    "Name": "cross_bar_2",
    "CG": [
      49.99999996574156,
      0.0,
      0.0
    ],
    "MASS": 0.3809882905275805,
    "Translation": [
      -25.0,
      300.00000000000006,
      -810.0
    ],
    "Rotation": [
      [
        1.0,
        1.8369701987210297e-16,
        -6.123233995736766e-17
      ],
      [
        6.123233995736764e-17,
        1.2246467991473532e-16,
        1.0
      ],
      [
        1.8369701987210297e-16,
        -1.0,
        1.2246467991473532e-16
      ]
    ]
  },
  "cross_bar_2_RIGHT": {
    "Name": "cross_bar_2_RIGHT",
    "CG": [
      249.99998895212968,
      0.0,
      0.0
    ],
    "MASS": 1.9395911911056019,
    "Translation": [
      25.000000000000007,
      300.00000000000006,
      -860.0
    ],
    "Rotation": [
      [
        1.8369701987210297e-16,
        -6.123233995736762e-17,
        1.0
      ],
      [
        -6.123233995736765e-17,
        1.0,
        6.123233995736764e-17
      ],
      [
        -1.0,
        -6.123233995736765e-17,
        1.8369701987210297e-16
      ]
    ]
  },
  "cross_bar_2_TOP": {
    "Name": "cross_bar_2_TOP",
    "CG": [
      249.99998895212968,
      0.0,
      0.0
    ],
    "MASS": 1.9395911911056019,
    "Translation": [
      25.0,
      350.00000000000006,
      -810.0
    ],
    "Rotation": [
      [
        -6.123233995736766e-17,
        -1.8369701987210297e-16,
        1.0
      ],
      [
        1.0,
        -1.2246467991473532e-16,
        6.123233995736764e-17
      ],
      [
        1.2246467991473532e-16,
        1.0,
        1.8369701987210297e-16
      ]
    ]
  },
  "cross_bar_2_LEFT": {
    "Name": "cross_bar_2_LEFT",
    "CG": [
      249.99998895212968,
      0.0,
      0.0
    ],
    "MASS": 1.9395911911056019,
    "Translation": [
      24.999999999999993,
      300.00000000000006,
      -760.0
    ],
    "Rotation": [
      [
        -1.8369701987210297e-16,
        6.123233995736765e-17,
        1.0
      ],
      [
        -6.123233995736766e-17,
        -1.0,
        6.123233995736764e-17
      ],
      [
        1.0,
        -6.123233995736766e-17,
        1.8369701987210297e-16
      ]
    ]
  },
  "cross_bar_2_BOTTOM": {
    "Name": "cross_bar_2_BOTTOM",
    "CG": [
      249.99998895212968,
      0.0,
      0.0
    ],
    "MASS": 1.9395911911056019,
    "Translation": [
      25.0,
      250.00000000000006,
      -810.0
    ],
    "Rotation": [
      [
        6.123233995736764e-17,
        1.8369701987210297e-16,
        1.0
      ],
      [
        -1.0,
        0.0,
        6.123233995736764e-17
      ],
      [
        0.0,
        -1.0,
        1.8369701987210297e-16
      ]
    ]
  },
  "cross_bar_3": {
    "Name": "cross_bar_3",
    "CG": [
      49.99999996574156,
      0.0,
      0.0
    ],
    "MASS": 0.3809882905275805,
    "Translation": [
      25.000000000000025,
      5.684341886080802e-14,
      -860.0
    ],
    "Rotation": [
      [
        0.0,
        1.0,
        6.123233995736764e-17
      ],
      [
        -1.1248198369963927e-32,
        6.123233995736764e-17,
        -1.0
      ],
      [
        -1.0,
        0.0,
        1.1248198369963927e-32
      ]
    ]
  },
  "cross_bar_3_TOP": {
    "Name": "cross_bar_3_TOP",
    "CG": [
      249.99998895212968,
      0.0,
      0.0
    ],
    "MASS": 1.9395911911056019,
    "Translation": [
      25.00000000000003,
      -49.99999999999994,
      -910.0
    ],
    "Rotation": [
      [
        6.123233995736764e-17,
        -1.0,
        6.887535064975397e-49
      ],
      [
        -1.0,
        -6.123233995736764e-17,
        -1.1248198369963927e-32
      ],
      [
        1.1248198369963927e-32,
        0.0,
        -1.0
      ]
    ]
  },
  "cross_bar_3_BOTTOM": {
    "Name": "cross_bar_3_BOTTOM",
    "CG": [
      249.99998895212968,
      0.0,
      0.0
    ],
    "MASS": 1.9395911911056019,
    "Translation": [
      25.00000000000002,
      50.00000000000006,
      -910.0
    ],
    "Rotation": [
      [
        -1.8369701987210297e-16,
        1.0,
        6.8875350649754e-49
      ],
      [
        1.0,
        1.8369701987210297e-16,
        -1.1248198369963927e-32
      ],
      [
        -1.1248198369963927e-32,
        -1.3775070129950797e-48,
        -1.0
      ]
    ]
  },
  "rail_1": {
    "Name": "rail_1",
    "CG": [
      500.0000410528325,
      0.0,
      0.0
    ],
    "MASS": 3.887774502129468,
    "Translation": [
      74.99999999999997,
      300.00000000000006,
      -910.0
    ],
    "Rotation": [
      [
        1.0,
        1.8369701987210297e-16,
        -1.8369701987210297e-16
      ],
      [
        1.8369701987210297e-16,
        2.2496396739927864e-32,
        1.0
      ],
      [
        1.8369701987210297e-16,
        -1.0,
        -1.1248198369963927e-32
      ]
    ]
  },
  "wing_pair_1": {
    "Name": "wing_pair_1",
    "CG": [
      750.0047788056127,
      0.0,
      0.0
    ],
    "MASS": 5.835893865106039,
    "Translation": [
      1075.0,
      300.0000000000002,
      -909.9999999999998
    ],
    "Rotation": [
      [
        1.0,
        0.0,
        -2.59786816870648e-16
      ],
      [
        1.8369701987210297e-16,
        0.7071067811865476,
        0.7071067811865476
      ],
      [
        1.8369701987210297e-16,
        -0.7071067811865476,
        0.7071067811865476
      ]
    ]
  },
  "wing_pair_1_l": {
    "Name": "wing_pair_1_l",
    "CG": [
      223.19298972884795,
      0.0,
      1500.0000000000002
    ],
    "MASS": 3.0455663669392754,
    "Translation": [
      1574.9999999999986,
      2456.6756826189726,
      1246.675682618968
    ],
    "Rotation": [
      [
        1.0,
        -2.777492617969134e-31,
        4.346282049752742e-16
      ],
      [
        3.0732855103295323e-16,
        -0.7071067811865468,
        -0.7071067811865483
      ],
      [
        3.07328551032953e-16,
        0.7071067811865483,
        -0.7071067811865468
      ]
    ]
  },
  "wing_pair_1_r": {
    "Name": "wing_pair_1_r",
    "CG": [
      223.19298972884795,
      0.0,
      1500.0000000000002
    ],
    "MASS": 3.0455663669392754,
    "Translation": [
      1575.0,
      335.35533905932766,
      -945.355339059327
    ],
    "Rotation": [
      [
        1.0,
        2.59786816870648e-16,
        4.77220640611978e-32
      ],
      [
        1.83697019872103e-16,
        -0.7071067811865477,
        0.7071067811865475
      ],
      [
        1.83697019872103e-16,
        -0.7071067811865475,
        -0.7071067811865477
      ]
    ]
  },
  "rail_2": {
    "Name": "rail_2",
    "CG": [
      500.0000410528325,
      0.0,
      0.0
    ],
    "MASS": 3.887774502129468,
    "Translation": [
      2575.0,
      300.0000000000005,
      -909.9999999999995
    ],
    "Rotation": [
      [
        1.0,
        0.0,
        -2.5978681687064796e-16
      ],
      [
        1.8369701987210297e-16,
        0.7071067811865475,
        0.7071067811865475
      ],
      [
        1.8369701987210297e-16,
        -0.7071067811865475,
        0.7071067811865475
      ]
    ]
  },
  "motor_prop_1_motor": {
    "Name": "motor_prop_1_motor",
    "CG": [
      0.0,
      70.0231557879992,
      0.00091554108992975
    ],
    "MASS": 35.0,
    "Translation": [
      3075.0,
      434.35028842544466,
      -775.6497115745555
    ],
    "Rotation": [
      [
        -1.0,
        2.59786816870648e-16,
        0.0
      ],
      [
        -1.83697019872103e-16,
        -0.7071067811865476,
        -0.7071067811865476
      ],
      [
        -1.83697019872103e-16,
        -0.7071067811865476,
        0.7071067811865476
      ]
    ]
  },
  "motor_prop_1_prop": {
    "Name": "motor_prop_1_prop",
    "CG": [
      0.0,
      0.0,
      59.055
    ],
    "MASS": 0.831,
    "Translation": [
      3075.0,
      517.8666703513877,
      -692.1333296486123
    ],
    "Rotation": [
      [
        -1.2246441935158657e-16,
        -1.0,
        2.5978681687064796e-16
      ],
      [
        -0.7071067811865475,
        -9.710159849452308e-17,
        -0.7071067811865475
      ],
      [
        0.7071067811865475,
        -2.7029244124968293e-16,
        -0.7071067811865475
      ]
    ]
  },
  "wing_pair_2": {
    "Name": "wing_pair_2",
    "CG": [
      750.0047788056127,
      0.0,
      0.0
    ],
    "MASS": 5.835893865106039,
    "Translation": [
      3575.0,
      300.0000000000007,
      -909.9999999999993
    ],
    "Rotation": [
      [
        1.0,
        -1.8369701987210297e-16,
        -1.8369701987210297e-16
      ],
      [
        1.8369701987210297e-16,
        1.0,
        0.0
      ],
      [
        1.8369701987210297e-16,
        0.0,
        1.0
      ]
    ]
  },
  "wing_pair_2_l": {
    "Name": "wing_pair_2_l",
    "CG": [
      223.19298972884795,
      0.0,
      1500.0000000000002
    ],
    "MASS": 3.0455663669392754,
    "Translation": [
      4074.999999999999,
      300.000000000004,
      2140.000000000001
    ],
    "Rotation": [
      [
        1.0,
        1.8369701987210277e-16,
        3.5853840797672935e-16
      ],
      [
        1.8369701987210317e-16,
        -1.0,
        -1.0691430194289234e-15
      ],
      [
        3.5853840797672915e-16,
        1.0691430194289234e-15,
        -1.0
      ]
    ]
  },
  "rail_3": {
    "Name": "rail_3",
    "CG": [
      500.0000410528325,
      0.0,
      0.0
    ],
    "MASS": 3.887774502129468,
    "Translation": [
      5075.0,
      300.00000000000097,
      -909.9999999999991
    ],
    "Rotation": [
      [
        1.0,
        -1.8369701987210297e-16,
        -1.8369701987210297e-16
      ],
      [
        1.8369701987210297e-16,
        1.0,
        -3.374459510989179e-32
      ],
      [
        1.8369701987210297e-16,
        0.0,
        1.0
      ]
    ]
  },
  "motor_prop_3_motor": {
    "Name": "motor_prop_3_motor",
    "CG": [
      0.0,
      70.0231557879992,
      0.00091554108992975
    ],
    "MASS": 35.0,
    "Translation": [
      5575.0,
      300.0000000000011,
      -1099.999999999999
    ],
    "Rotation": [
      [
        -1.0,
        -1.83697019872103e-16,
        -1.8369701987210294e-16
      ],
      [
        -1.8369701987210297e-16,
        1.224646799147353e-16,
        1.0
      ],
      [
        -1.8369701987210297e-16,
        1.0,
        -1.2246467991473532e-16
      ]
    ]
  },
  "motor_prop_3_prop": {
    "Name": "motor_prop_3_prop",
    "CG": [
      0.0,
      0.0,
      59.055
    ],
    "MASS": 0.831,
    "Translation": [
      5575.0,
      300.0000000000011,
      -1218.109999999999
    ],
    "Rotation": [
      [
        -3.0616143922368954e-16,
        -1.0,
        -1.83697019872103e-16
      ],
      [
        1.0,
        -3.0616143922368954e-16,
        1.224646799147353e-16
      ],
      [
        -1.2246467991473535e-16,
        -1.8369701987210294e-16,
        1.0
      ]
    ]
  },
  "wing_pair_3": {
    "Name": "wing_pair_3",
    "CG": [
      750.0047788056127,
      0.0,
      0.0
    ],
    "MASS": 5.835893865106039,
    "Translation": [
      6075.0,
      300.00000000000114,
      -909.9999999999989
    ],
    "Rotation": [
      [
        1.0,
        -2.59786816870648e-16,
        0.0
      ],
      [
        1.8369701987210297e-16,
        0.7071067811865476,
        -0.7071067811865476
      ],
      [
        1.8369701987210297e-16,
        0.7071067811865476,
        0.7071067811865476
      ]
    ]
  },
  "wing_pair_3_l": {
    "Name": "wing_pair_3_l",
    "CG": [
      223.19298972884795,
      0.0,
      1500.0000000000002
    ],
    "MASS": 3.0455663669392754,
    "Translation": [
      6575.0,
      -1856.6756826189662,
      1246.6756826189735
    ],
    "Rotation": [
      [
        1.0,
        2.59786816870648e-16,
        1.7484138810462643e-16
      ],
      [
        6.006548871125297e-17,
        -0.7071067811865483,
        0.7071067811865468
      ],
      [
        3.0732855103295323e-16,
        -0.7071067811865468,
        -0.7071067811865483
      ]
    ]
  },
  "wing_pair_3_r": {
    "Name": "wing_pair_3_r",
    "CG": [
      223.19298972884795,
      0.0,
      1500.0000000000002
    ],
    "MASS": 3.0455663669392754,
    "Translation": [
      6575.0,
      335.35533905932857,
      -874.6446609406713
    ],
    "Rotation": [
      [
        1.0,
        4.77220640611978e-32,
        -2.59786816870648e-16
      ],
      [
        1.83697019872103e-16,
        0.7071067811865475,
        0.7071067811865477
      ],
      [
        1.83697019872103e-16,
        -0.7071067811865477,
        0.7071067811865475
      ]
    ]
  },
  "motor_prop_4_motor": {
    "Name": "motor_prop_4_motor",
    "CG": [
      0.0,
      70.0231557879992,
      0.00091554108992975
    ],
    "MASS": 35.0,
    "Translation": [
      7715.0,
      300.0000000000014,
      -909.9999999999986
    ],
    "Rotation": [
      [
        0.0,
        -1.0,
        -2.5978681687064796e-16
      ],
      [
        0.7071067811865475,
        -1.8369701987210297e-16,
        0.7071067811865475
      ],
      [
        -0.7071067811865475,
        -1.8369701987210297e-16,
        0.7071067811865475
      ]
    ]
  },
  "motor_prop_4_prop": {
    "Name": "motor_prop_4_prop",
    "CG": [
      0.0,
      0.0,
      59.055
    ],
    "MASS": 0.831,
    "Translation": [
      7833.11,
      300.0000000000014,
      -909.9999999999986
    ],
    "Rotation": [
      [
        -2.5978681687064796e-16,
        3.1814641683260857e-32,
        -1.0
      ],
      [
        0.7071067811865476,
        0.7071067811865474,
        -1.8369701987210297e-16
      ],
      [
        0.7071067811865474,
        -0.7071067811865476,
        -1.8369701987210297e-16
      ]
    ]
  },
  "wing_pair_2_r": {
    "Name": "wing_pair_2_r",
    "CG": [
      223.19298972884795,
      0.0,
      1500.0000000000002
    ],
    "MASS": 3.0455663669392754,
    "Translation": [
      4075.0,
      350.00000000000074,
      -909.9999999999992
    ],
    "Rotation": [
      [
        1.0,
        1.83697019872103e-16,
        -1.8369701987210294e-16
      ],
      [
        1.8369701987210297e-16,
        -1.8369701987210297e-16,
        1.0
      ],
      [
        1.8369701987210297e-16,
        -1.0,
        -1.8369701987210297e-16
      ]
    ]
  },
  "wing_pair_4": {
    "Name": "wing_pair_4",
    "CG": [
      750.0047788056127,
      0.0,
      0.0
    ],
    "MASS": 5.835893865106039,
    "Translation": [
      1075.0,
      300.0000000000002,
      -909.9999999999998
    ],
    "Rotation": [
      [
        1.0,
        0.0,
        -2.59786816870648e-16
      ],
      [
        1.8369701987210297e-16,
        0.7071067811865476,
        0.7071067811865476
      ],
      [
        1.8369701987210297e-16,
        -0.7071067811865476,
        0.7071067811865476
      ]
    ]
  },
  "wing_pair_4_l": {
    "Name": "wing_pair_4_l",
    "CG": [
      223.19298972884795,
      0.0,
      1500.0000000000002
    ],
    "MASS": 3.0455663669392754,
    "Translation": [
      1574.9999999999986,
      2456.6756826189726,
      1246.675682618968
    ],
    "Rotation": [
      [
        1.0,
        -2.777492617969134e-31,
        4.346282049752742e-16
      ],
      [
        3.0732855103295323e-16,
        -0.7071067811865468,
        -0.7071067811865483
      ],
      [
        3.07328551032953e-16,
        0.7071067811865483,
        -0.7071067811865468
      ]
    ]
  },
  "cross_bar_6": {
    "Name": "cross_bar_6",
    "CG": [
      49.99999996574156,
      0.0,
      0.0
    ],
    "MASS": 0.3809882905275805,
    "Translation": [
      1075.0,
      300.0000000000002,
      -909.9999999999998
    ],
    "Rotation": [
      [
        1.0,
        1.8369701987210297e-16,
        -1.8369701987210297e-16
      ],
      [
        1.8369701987210297e-16,
        0.0,
        1.0
      ],
      [
        1.8369701987210297e-16,
        -1.0,
        -3.374459510989179e-32
      ]
    ]
  },
  "cross_bar_6_BOTTOM": {
    "Name": "cross_bar_6_BOTTOM",
    "CG": [
      249.99998895212968,
      0.0,
      0.0
    ],
    "MASS": 1.9395911911056019,
    "Translation": [
      1125.0,
      250.00000000000023,
      -909.9999999999998
    ],
    "Rotation": [
      [
        1.8369701987210294e-16,
        1.83697019872103e-16,
        1.0
      ],
      [
        -1.0,
        -1.2246467991473532e-16,
        1.8369701987210297e-16
      ],
      [
        1.2246467991473535e-16,
        -1.0,
        1.8369701987210297e-16
      ]
    ]
  },
  "cross_bar_6_TOP": {
    "Name": "cross_bar_6_TOP",
    "CG": [
      249.99998895212968,
      0.0,
      0.0
    ],
    "MASS": 1.9395911911056019,
    "Translation": [
      1125.0,
      350.0000000000002,
      -909.9999999999998
    ],
    "Rotation": [
      [
        -1.8369701987210297e-16,
        -1.8369701987210297e-16,
        1.0
      ],
      [
        1.0,
        0.0,
        1.8369701987210297e-16
      ],
      [
        -3.374459510989179e-32,
        1.0,
        1.8369701987210297e-16
      ]
    ]
  },
  "motor_prop_6_motor": {
    "Name": "motor_prop_6_motor",
    "CG": [
      0.0,
      70.0231557879992,
      0.00091554108992975
    ],
    "MASS": 35.0,
    "Translation": [
      1125.0,
      600.0000000000002,
      -719.9999999999998
    ],
    "Rotation": [
      [
        1.8369701987210297e-16,
        3.6739403974420594e-16,
        1.0
      ],
      [
        -1.0,
        3.374459510989179e-32,
        1.8369701987210297e-16
      ],
      [
        3.374459510989179e-32,
        -1.0,
        3.6739403974420594e-16
      ]
    ]
  },
  "motor_prop_6_prop": {
    "Name": "motor_prop_6_prop",
    "CG": [
      0.0,
      0.0,
      59.055
    ],
    "MASS": 0.831,
    "Translation": [
      1125.0,
      600.0000000000002,
      -601.8899999999998
    ],
    "Rotation": [
      [
        1.0,
        6.12326005205164e-17,
        3.6739403974420594e-16
      ],
      [
        6.12326005205164e-17,
        -1.0,
        3.374459510989179e-32
      ],
      [
        3.6739403974420594e-16,
        -1.1248102640616109e-32,
        -1.0
      ]
    ]
  },
  "rail_4": {
    "Name": "rail_4",
    "CG": [
      500.0000410528325,
      0.0,
      0.0
    ],
    "MASS": 3.887774502129468,
    "Translation": [
      1125.0,
      600.0000000000002,
      -859.9999999999998
    ],
    "Rotation": [
      [
        -3.6739403974420594e-16,
        1.0,
        -1.8369701987210297e-16
      ],
      [
        -3.374459510989179e-32,
        1.8369701987210297e-16,
        1.0
      ],
      [
        1.0,
        3.6739403974420594e-16,
        -3.374459510989179e-32
      ]
    ]
  },
  "cross_bar_6_RIGHT": {
    "Name": "cross_bar_6_RIGHT",
    "CG": [
      249.99998895212968,
      0.0,
      0.0
    ],
    "MASS": 1.9395911911056019,
    "Translation": [
      1125.0,
      300.0000000000002,
      -959.9999999999998
    ],
    "Rotation": [
      [
        1.83697019872103e-16,
        -1.8369701987210294e-16,
        1.0
      ],
      [
        -1.8369701987210297e-16,
        1.0,
        1.8369701987210297e-16
      ],
      [
        -1.0,
        -1.83697019872103e-16,
        1.8369701987210297e-16
      ]
    ]
  },
  "cross_bar_6_LEFT": {
    "Name": "cross_bar_6_LEFT",
    "CG": [
      249.99998895212968,
      0.0,
      0.0
    ],
    "MASS": 1.9395911911056019,
    "Translation": [
      1125.0,
      300.0000000000002,
      -859.9999999999998
    ],
    "Rotation": [
      [
        -1.8369701987210297e-16,
        1.8369701987210297e-16,
        1.0
      ],
      [
        6.123233995736766e-17,
        -1.0,
        1.8369701987210297e-16
      ],
      [
        1.0,
        6.12323399573677e-17,
        1.8369701987210297e-16
      ]
    ]
  },
  "wing_pair_4_r": {
    "Name": "wing_pair_4_r",
    "CG": [
      223.19298972884795,
      0.0,
      1500.0000000000002
    ],
    "MASS": 3.0455663669392754,
    "Translation": [
      1575.0,
      335.35533905932766,
      -945.355339059327
    ],
    "Rotation": [
      [
        1.0,
        2.59786816870648e-16,
        4.77220640611978e-32
      ],
      [
        1.83697019872103e-16,
        -0.7071067811865477,
        0.7071067811865475
      ],
      [
        1.83697019872103e-16,
        -0.7071067811865475,
        -0.7071067811865477
      ]
    ]
  },
  "cross_bar_5": {
    "Name": "cross_bar_5",
    "CG": [
      49.99999996574156,
      0.0,
      0.0
    ],
    "MASS": 0.3809882905275805,
    "Translation": [
      2575.0,
      300.0000000000005,
      -909.9999999999995
    ],
    "Rotation": [
      [
        1.0,
        0.0,
        -2.5978681687064796e-16
      ],
      [
        1.8369701987210297e-16,
        0.7071067811865475,
        0.7071067811865475
      ],
      [
        1.8369701987210297e-16,
        -0.7071067811865475,
        0.7071067811865475
      ]
    ]
  },
  "cross_bar_5_RIGHT": {
    "Name": "cross_bar_5_RIGHT",
    "CG": [
      249.99998895212968,
      0.0,
      0.0
    ],
    "MASS": 1.9395911911056019,
    "Translation": [
      2625.0,
      335.3553390593279,
      -945.3553390593269
    ],
    "Rotation": [
      [
        4.7722064061197806e-32,
        -2.59786816870648e-16,
        1.0
      ],
      [
        0.7071067811865475,
        0.7071067811865477,
        1.83697019872103e-16
      ],
      [
        -0.7071067811865477,
        0.7071067811865475,
        1.83697019872103e-16
      ]
    ]
  },
  "cross_bar_5_TOP": {
    "Name": "cross_bar_5_TOP",
    "CG": [
      249.99998895212968,
      0.0,
      0.0
    ],
    "MASS": 1.9395911911056019,
    "Translation": [
      2625.0,
      335.3553390593279,
      -874.6446609406721
    ],
    "Rotation": [
      [
        -2.59786816870648e-16,
        0.0,
        1.0
      ],
      [
        0.7071067811865476,
        -0.7071067811865476,
        1.83697019872103e-16
      ],
      [
        0.7071067811865476,
        0.7071067811865476,
        1.83697019872103e-16
      ]
    ]
  },
  "cross_bar_5_LEFT": {
    "Name": "cross_bar_5_LEFT",
    "CG": [
      249.99998895212968,
      0.0,
      0.0
    ],
    "MASS": 1.9395911911056019,
    "Translation": [
      2625.0,
      264.64466094067313,
      -874.6446609406722
    ],
    "Rotation": [
      [
        -1.5907354687065934e-32,
        2.59786816870648e-16,
        1.0
      ],
      [
        -0.7071067811865476,
        -0.7071067811865476,
        1.83697019872103e-16
      ],
      [
        0.7071067811865476,
        -0.7071067811865476,
        1.83697019872103e-16
      ]
    ]
  },
  "motor_prop_5_motor": {
    "Name": "motor_prop_5_motor",
    "CG": [
      0.0,
      70.0231557879992,
      0.00091554108992975
    ],
    "MASS": 35.0,
    "Translation": [
      2435.0,
      87.86796564403623,
      -697.8679656440354
    ],
    "Rotation": [
      [
        0.0,
        1.0,
        1.3732213695591267e-16
      ],
      [
        0.7071067811865475,
        9.710141424855365e-17,
        -0.7071067811865475
      ],
      [
        -0.7071067811865475,
        9.710141424855365e-17,
        -0.7071067811865475
      ]
    ]
  },
  "motor_prop_5_prop": {
    "Name": "motor_prop_5_prop",
    "CG": [
      0.0,
      0.0,
      59.055
    ],
    "MASS": 0.831,
    "Translation": [
      2316.89,
      87.86796564403622,
      -697.8679656440354
    ],
    "Rotation": [
      [
        1.3732213695591267e-16,
        -1.6817075766424891e-32,
        1.0
      ],
      [
        -0.7071067811865474,
        0.7071067811865476,
        9.710141424855365e-17
      ],
      [
        -0.7071067811865476,
        -0.7071067811865474,
        9.710141424855365e-17
      ]
    ]
  },
  "cross_bar_5_BOTTOM": {
    "Name": "cross_bar_5_BOTTOM",
    "CG": [
      249.99998895212968,
      0.0,
      0.0
    ],
    "MASS": 1.9395911911056019,
    "Translation": [
      2625.0,
      264.64466094067313,
      -945.3553390593269
    ],
    "Rotation": [
      [
        2.59786816870648e-16,
        3.181470937413187e-32,
        1.0
      ],
      [
        -0.7071067811865477,
        0.7071067811865475,
        1.83697019872103e-16
      ],
      [
        -0.7071067811865475,
        -0.7071067811865477,
        1.83697019872103e-16
      ]
    ]
  },
  "cross_bar_3_RIGHT": {
    "Name": "cross_bar_3_RIGHT",
    "CG": [
      249.99998895212968,
      0.0,
      0.0
    ],
    "MASS": 1.9395911911056019,
    "Translation": [
      75.00000000000003,
      5.990503585867639e-14,
      -910.0
    ],
    "Rotation": [
      [
        1.0,
        2.449293598294706e-16,
        6.887535064975391e-49
      ],
      [
        2.449293598294706e-16,
        -1.0,
        -1.1248198369963927e-32
      ],
      [
        -2.0662605194926198e-48,
        1.1248198369963927e-32,
        -1.0
      ]
    ]
  },
  "cross_bar_3_LEFT": {
    "Name": "cross_bar_3_LEFT",
    "CG": [
      249.99998895212968,
      0.0,
      0.0
    ],
    "MASS": 1.9395911911056019,
    "Translation": [
      -24.999999999999975,
      6.799265657814164e-14,
      -910.0
    ],
    "Rotation": [
      [
        -1.0,
        -1.224646799147353e-16,
        6.887535064975396e-49
      ],
      [
        -1.224646799147353e-16,
        1.0,
        -1.1248198369963927e-32
      ],
      [
        6.887535064975399e-49,
        -1.1248198369963927e-32,
        -1.0
      ]
    ]
  },
  "cross_bar_4": {
    "Name": "cross_bar_4",
    "CG": [
      49.99999996574156,
      0.0,
      0.0
    ],
    "MASS": 0.3809882905275805,
    "Translation": [
      24.99999999999998,
      5.684341886080802e-14,
      -760.0
    ],
    "Rotation": [
      [
        -1.224646799147353e-16,
        -1.0,
        6.123233995736764e-17
      ],
      [
        3.7493994566546427e-33,
        -6.123233995736764e-17,
        -1.0
      ],
      [
        1.0,
        -1.224646799147353e-16,
        1.1248198369963927e-32
      ]
    ]
  },
  "cross_bar_4_TOP": {
    "Name": "cross_bar_4_TOP",
    "CG": [
      249.99998895212968,
      0.0,
      0.0
    ],
    "MASS": 1.9395911911056019,
    "Translation": [
      24.999999999999975,
      -49.99999999999994,
      -710.0
    ],
    "Rotation": [
      [
        6.123233995736764e-17,
        1.0,
        -1.224646799147353e-16
      ],
      [
        -1.0,
        6.123233995736764e-17,
        3.7493994566546427e-33
      ],
      [
        1.1248198369963927e-32,
        1.224646799147353e-16,
        1.0
      ]
    ]
  },
  "cross_bar_4_RIGHT": {
    "Name": "cross_bar_4_RIGHT",
    "CG": [
      249.99998895212968,
      0.0,
      0.0
    ],
    "MASS": 1.9395911911056019,
    "Translation": [
      -25.00000000000003,
      5.3781801862939636e-14,
      -710.0
    ],
    "Rotation": [
      [
        -1.0,
        -1.2246467991473535e-16,
        -1.224646799147353e-16
      ],
      [
        1.2246467991473535e-16,
        -1.0,
        3.749399456654644e-33
      ],
      [
        -1.224646799147353e-16,
        -1.1248198369963932e-32,
        1.0
      ]
    ]
  },
  "cross_bar_4_LEFT": {
    "Name": "cross_bar_4_LEFT",
    "CG": [
      249.99998895212968,
      0.0,
      0.0
    ],
    "MASS": 1.9395911911056019,
    "Translation": [
      74.99999999999997,
      7.41158905738784e-14,
      -710.0
    ],
    "Rotation": [
      [
        1.0,
        2.465190328815662e-32,
        -1.224646799147353e-16
      ],
      [
        -2.465190328815662e-32,
        1.0,
        3.7493994566546427e-33
      ],
      [
        1.224646799147353e-16,
        -3.74939945665464e-33,
        1.0
      ]
    ]
  },
  "cross_bar_4_BOTTOM": {
    "Name": "cross_bar_4_BOTTOM",
    "CG": [
      249.99998895212968,
      0.0,
      0.0
    ],
    "MASS": 1.9395911911056019,
    "Translation": [
      24.999999999999968,
      50.00000000000006,
      -710.0
    ],
    "Rotation": [
      [
        6.123233995736769e-17,
        -1.0,
        -1.224646799147353e-16
      ],
      [
        1.0,
        6.123233995736769e-17,
        3.7493994566546427e-33
      ],
      [
        3.749399456654647e-33,
        -1.224646799147353e-16,
        1.0
      ]
    ]
  },
  "motor_prop_2_motor": {
    "Name": "motor_prop_2_motor",
    "CG": [
      0.0,
      70.0231557879992,
      0.00091554108992975
    ],
    "MASS": 35.0,
    "Translation": [
      24.999999999999975,
      190.00000000000006,
      -710.0
    ],
    "Rotation": [
      [
        1.224646799147353e-16,
        -6.123233995736769e-17,
        -1.0
      ],
      [
        -3.7493994566546427e-33,
        -1.0,
        6.123233995736769e-17
      ],
      [
        -1.0,
        -3.749399456654647e-33,
        -1.224646799147353e-16
      ]
    ]
  },
  "motor_prop_2_prop": {
    "Name": "motor_prop_2_prop",
    "CG": [
      0.0,
      0.0,
      59.055
    ],
    "MASS": 0.831,
    "Translation": [
      24.999999999999982,
      308.11,
      -710.0
    ],
    "Rotation": [
      [
        -1.0,
        2.4492909926632187e-16,
        -6.123233995736769e-17
      ],
      [
        6.123233995736769e-17,
        -1.124818241507263e-32,
        -1.0
      ],
      [
        -2.4492909926632187e-16,
        -1.0,
        -3.749399456654647e-33
      ]
    ]
  },
  "cross_bar_1_TOP": {
    "Name": "cross_bar_1_TOP",
    "CG": [
      249.99998895212968,
      0.0,
      0.0
    ],
    "MASS": 1.9395911911056019,
    "Translation": [
      -125.0,
      7.717750757174679e-14,
      -810.0
    ],
    "Rotation": [
      [
        -1.0,
        -4.017561413669283e-81,
        0.0
      ],
      [
        -4.017561413669283e-81,
        1.0,
        1.2246467991473532e-16
      ],
      [
        -4.920093725628002e-97,
        1.2246467991473532e-16,
        -1.0
      ]
    ]
  },
  "Orient": {
    "Name": "Orient",
    "CG": [
      0.0,
      0.0,
      0.0
    ],
    "MASS": 1e-07,
    "Translation": [
      0.0,
      0.0,
      0.0
    ],
    "Rotation": [
      [
        1.0,
        0.0,
        0.0
      ],
      [
        0.0,
        1.0,
        0.0
      ],
      [
        0.0,
        0.0,
        1.0
      ]
    ]
  }
}