{
  "NACA_Fuse": {
    "Name": "NACA_Fuse",
    "CG": [
      1203.2587420639713,
      45.49283828207808,
      -0.001680919864623757
    ],
    "MASS": 129.33411247313694,
    "Translation": [
      0.0,
      0.0,
      0.0
    ],
    "Rotation": [
      [
        -1.0,
        0.0,
        0.0
      ],
      [
        0.0,
        0.0,
        1.0
      ],
      [
        0.0,
        1.0,
        0.0
      ]
    ]
  },
  "top_level_1_cylinder": {
    "Name": "top_level_1_cylinder",
    "CG": [
      100.00000119478449,
      0.0,
      0.0
    ],
    "MASS": 2.222657687909267,
    "Translation": [
      -1500.0,
      0.0,
      -769.0
    ],
    "Rotation": [
      [
        0.0,
        -1.2246467991473532e-16,
        1.0
      ],
      [
        6.123233995736766e-17,
        1.0,
        1.2246467991473532e-16
      ],
      [
        -1.0,
        6.123233995736766e-17,
        7.498798913309288e-33
      ]
    ]
  },
  "left_level_1_beam": {
    "Name": "left_level_1_beam",
    "CG": [
      0.0,
      405.5000000000001,
      0.0
    ],
    "MASS": 1.836678006953505,
    "Translation": [
      -1499.9999999999998,
      -911.0,
      -869.0
    ],
    "Rotation": [
      [
        0.0,
        -1.8369701987210297e-16,
        -1.0
      ],
      [
        -6.123233995736766e-17,
        1.0,
        -1.8369701987210297e-16
      ],
      [
        1.0,
        6.123233995736766e-17,
        -1.1248198369963932e-32
      ]
    ]
  },
  "left_level_1_cylinder": {
    "Name": "left_level_1_cylinder",
    "CG": [
      77.50000943494257,
      0.0,
      0.0
    ],
    "MASS": 1.6509349300559113,
    "Translation": [
      -1499.9999999999998,
      -1011.0,
      -791.5
    ],
    "Rotation": [
      [
        0.0,
        -1.0,
        -1.8369701987210297e-16
      ],
      [
        6.123233995736766e-17,
        -1.8369701987210297e-16,
        1.0
      ],
      [
        -1.0,
        -1.1248198369963932e-32,
        6.123233995736766e-17
      ]
    ]
  },
  "left_level_1_motor": {
    "Name": "left_level_1_motor",
    "CG": [
      0.0,
      46.15980929188165,
      0.0019524943555082608
    ],
    "MASS": 20.3,
    "Translation": [
      -1499.9999999999998,
      -1011.0,
      -1039.6
    ],
    "Rotation": [
      [
        1.8369701987210297e-16,
        0.0,
        -1.0
      ],
      [
        -1.0,
        -6.123233995736766e-17,
        -1.8369701987210297e-16
      ],
      [
        -6.123233995736766e-17,
        1.0,
        -1.1248198369963932e-32
      ]
    ]
  },
  "left_level_1_prop": {
    "Name": "left_level_1_prop",
    "CG": [
      0.0,
      0.0,
      45.72
    ],
    "MASS": 0.863,
    "Translation": [
      -1499.9999999999998,
      -1011.0,
      -1131.04
    ],
    "Rotation": [
      [
        -1.0,
        3.0616143922368954e-16,
        0.0
      ],
      [
        -3.0616143922368954e-16,
        -1.0,
        -6.123233995736766e-17
      ],
      [
        -1.8746981328381914e-32,
        -6.123233995736766e-17,
        1.0
      ]
    ]
  },
  "front_level_1_beam": {
    "Name": "front_level_1_beam",
    "CG": [
      0.0,
      405.5000000000001,
      0.0
    ],
    "MASS": 1.836678006953505,
    "Translation": [
      -589.0,
      1.1768855739806065e-13,
      -869.0
    ],
    "Rotation": [
      [
        0.0,
        -1.0,
        1.2246467991473532e-16
      ],
      [
        -6.123233995736766e-17,
        -1.2246467991473532e-16,
        -1.0
      ],
      [
        1.0,
        -7.498798913309288e-33,
        -6.123233995736766e-17
      ]
    ]
  },
  "front_level_1_cylinder": {
    "Name": "front_level_1_cylinder",
    "CG": [
      77.50000943494257,
      0.0,
      0.0
    ],
    "MASS": 1.6509349300559113,
    "Translation": [
      -489.0,
      1.251895190428382e-13,
      -791.5
    ],
    "Rotation": [
      [
        0.0,
        1.2246467991473532e-16,
        -1.0
      ],
      [
        6.123233995736766e-17,
        -1.0,
        -1.2246467991473532e-16
      ],
      [
        -1.0,
        -6.123233995736766e-17,
        -7.498798913309288e-33
      ]
    ]
  },
  "front_level_1_motor": {
    "Name": "front_level_1_motor",
    "CG": [
      0.0,
      46.15980929188165,
      0.0019524943555082608
    ],
    "MASS": 20.3,
    "Translation": [
      -489.0,
      1.403812625862611e-13,
      -1039.6
    ],
    "Rotation": [
      [
        1.0,
        0.0,
        1.2246467991473532e-16
      ],
      [
        1.2246467991473532e-16,
        -6.123233995736766e-17,
        -1.0
      ],
      [
        7.498798913309288e-33,
        1.0,
        -6.123233995736766e-17
      ]
    ]
  },
  "front_level_1_prop": {
    "Name": "front_level_1_prop",
    "CG": [
      0.0,
      0.0,
      45.72
    ],
    "MASS": 0.863,
    "Translation": [
      -489.0,
      1.4598034775196278e-13,
      -1131.04
    ],
    "Rotation": [
      [
        2.4492909926632187e-16,
        1.0,
        0.0
      ],
      [
        -1.0,
        2.4492909926632187e-16,
        -6.123233995736766e-17
      ],
      [
        -6.123233995736766e-17,
        1.499758187172727e-32,
        1.0
      ]
    ]
  },
  "top_level_2_cylinder": {
    "Name": "top_level_2_cylinder",
    "CG": [
      77.50000943494257,
      0.0,
      0.0
    ],
    "MASS": 1.6509349300559113,
    "Translation": [
      -1500.0,
      1.2246467991473532e-14,
      -969.0
    ],
    "Rotation": [
      [
        0.0,
        0.7071067811865474,
        0.7071067811865476
      ],
      [
        6.123233995736765e-17,
        0.7071067811865476,
        -0.7071067811865474
      ],
      [
        -0.9999999999999998,
        4.3297802811774664e-17,
        -4.329780281177465e-17
      ]
    ]
  },
  "front_right_level_2_beam": {
    "Name": "front_right_level_2_beam",
    "CG": [
      0.0,
      600.0000000000002,
      0.0
    ],
    "MASS": 2.7176493321136994,
    "Translation": [
      -580.7611844574885,
      919.2388155425122,
      -1046.5
    ],
    "Rotation": [
      [
        0.0,
        -0.7071067811865474,
        0.7071067811865478
      ],
      [
        -6.123233995736767e-17,
        -0.7071067811865478,
        -0.7071067811865474
      ],
      [
        1.0,
        -4.329780281177468e-17,
        -4.329780281177466e-17
      ]
    ]
  },
  "front_right_level_2_cylinder": {
    "Name": "front_right_level_2_cylinder",
    "CG": [
      77.50000943494257,
      0.0,
      0.0
    ],
    "MASS": 1.6509349300559113,
    "Translation": [
      -510.05050633883377,
      989.9494936611669,
      -969.0
    ],
    "Rotation": [
      [
        0.0,
        0.7071067811865478,
        -0.7071067811865474
      ],
      [
        6.123233995736767e-17,
        -0.7071067811865474,
        -0.7071067811865478
      ],
      [
        -1.0,
        -4.329780281177466e-17,
        -4.329780281177468e-17
      ]
    ]
  },
  "front_right_level_3_cylinder": {
    "Name": "front_right_level_3_cylinder",
    "CG": [
      77.50000943494257,
      0.0,
      0.0
    ],
    "MASS": 1.6509349300559113,
    "Translation": [
      -510.05050633883377,
      989.9494936611669,
      -1124.0
    ],
    "Rotation": [
      [
        0.0,
        3.3306690738754696e-16,
        -1.0
      ],
      [
        6.123233995736767e-17,
        -1.0,
        -3.3306690738754696e-16
      ],
      [
        -1.0,
        -6.123233995736767e-17,
        -1.8488927466117464e-32
      ]
    ]
  },
  "2_oclock_level_3_beam": {
    "Name": "2_oclock_level_3_beam",
    "CG": [
      0.0,
      400.00000000000017,
      0.0
    ],
    "MASS": 1.8117662214091335,
    "Translation": [
      -510.0505063388343,
      1889.9494936611668,
      -1201.5
    ],
    "Rotation": [
      [
        1.9055386355859085e-33,
        3.9429924734491463e-16,
        1.0
      ],
      [
        -6.123233995736767e-17,
        -1.0,
        3.9429924734491463e-16
      ],
      [
        1.0,
        -6.123233995736767e-17,
        2.2238326922772108e-32
      ]
    ]
  },
  "2_oclock_level_3_cylinder": {
    "Name": "2_oclock_level_3_cylinder",
    "CG": [
      77.50000943494257,
      0.0,
      0.0
    ],
    "MASS": 1.6509349300559113,
    "Translation": [
      -510.05050633883434,
      1989.9494936611668,
      -1124.0
    ],
    "Rotation": [
      [
        -1.9055386355859085e-33,
        1.0,
        3.9429924734491463e-16
      ],
      [
        6.123233995736767e-17,
        3.9429924734491463e-16,
        -1.0
      ],
      [
        -1.0,
        2.2238326922772108e-32,
        -6.123233995736767e-17
      ]
    ]
  },
  "2_oclock_motor": {
    "Name": "2_oclock_motor",
    "CG": [
      0.0,
      43.32468697045676,
      0.0025079440459530034
    ],
    "MASS": 12.3,
    "Translation": [
      -510.05050633883434,
      1989.9494936611668,
      -1365.0
    ],
    "Rotation": [
      [
        -3.9429924734491463e-16,
        1.9055386355859085e-33,
        1.0
      ],
      [
        1.0,
        -6.123233995736767e-17,
        3.9429924734491463e-16
      ],
      [
        6.123233995736767e-17,
        1.0,
        2.2238326922772108e-32
      ]
    ]
  },
  "2_oclock_prop": {
    "Name": "2_oclock_prop",
    "CG": [
      0.0,
      0.0,
      32.385
    ],
    "MASS": 0.193,
    "Translation": [
      -510.05050633883434,
      1989.9494936611668,
      -1429.77
    ],
    "Rotation": [
      [
        1.0,
        -5.167636666965012e-16,
        1.9055386355859085e-33
      ],
      [
        5.167636666965012e-16,
        1.0,
        -6.123233995736767e-17
      ],
      [
        2.973710988119009e-32,
        6.123233995736767e-17,
        1.0
      ]
    ]
  },
  "front_right_motor": {
    "Name": "front_right_motor",
    "CG": [
      0.0,
      43.32468697045676,
      0.0025079440459530034
    ],
    "MASS": 12.3,
    "Translation": [
      -510.05050633883377,
      989.9494936611669,
      -1365.0
    ],
    "Rotation": [
      [
        1.0,
        0.0,
        3.3306690738754696e-16
      ],
      [
        3.3306690738754696e-16,
        -6.123233995736767e-17,
        -1.0
      ],
      [
        2.039446610170337e-32,
        1.0,
        -6.123233995736767e-17
      ]
    ]
  },
  "front_right_prop": {
    "Name": "front_right_prop",
    "CG": [
      0.0,
      0.0,
      32.385
    ],
    "MASS": 0.193,
    "Translation": [
      -510.05050633883377,
      989.9494936611669,
      -1429.77
    ],
    "Rotation": [
      [
        4.555313267391335e-16,
        1.0,
        0.0
      ],
      [
        -1.0,
        4.555313267391335e-16,
        -6.123233995736767e-17
      ],
      [
        -6.123233995736767e-17,
        2.7893249060121357e-32,
        1.0
      ]
    ]
  },
  "1_oclock_level_3_beam": {
    "Name": "1_oclock_level_3_beam",
    "CG": [
      0.0,
      400.00000000000017,
      0.0
    ],
    "MASS": 1.8117662214091335,
    "Translation": [
      389.94949366116623,
      989.9494936611673,
      -1201.5
    ],
    "Rotation": [
      [
        1.9055386355859112e-33,
        -1.0,
        4.555315873022823e-16
      ],
      [
        -6.123233995736767e-17,
        -4.555315873022823e-16,
        -1.0
      ],
      [
        1.0,
        -2.598772637942675e-32,
        -6.123233995736767e-17
      ]
    ]
  },
  "1_oclock_level_3_cylinder": {
    "Name": "1_oclock_level_3_cylinder",
    "CG": [
      77.50000943494257,
      0.0,
      0.0
    ],
    "MASS": 1.6509349300559113,
    "Translation": [
      489.94949366116623,
      989.9494936611673,
      -1124.0
    ],
    "Rotation": [
      [
        -1.9055386355859112e-33,
        4.555315873022823e-16,
        -1.0
      ],
      [
        6.123233995736767e-17,
        -1.0,
        -4.555315873022823e-16
      ],
      [
        -1.0,
        -6.123233995736767e-17,
        -2.598772637942675e-32
      ]
    ]
  },
  "1_oclock_motor": {
    "Name": "1_oclock_motor",
    "CG": [
      0.0,
      43.32468697045676,
      0.0025079440459530034
    ],
    "MASS": 12.3,
    "Translation": [
      489.94949366116623,
      989.9494936611673,
      -1365.0
    ],
    "Rotation": [
      [
        1.0,
        1.9055386355859112e-33,
        4.555315873022823e-16
      ],
      [
        4.555315873022823e-16,
        -6.123233995736767e-17,
        -1.0
      ],
      [
        2.598772637942675e-32,
        1.0,
        -6.123233995736767e-17
      ]
    ]
  },
  "1_oclock_prop": {
    "Name": "1_oclock_prop",
    "CG": [
      0.0,
      0.0,
      32.385
    ],
    "MASS": 0.193,
    "Translation": [
      489.94949366116623,
      989.9494936611673,
      -1429.77
    ],
    "Rotation": [
      [
        5.779960066538688e-16,
        1.0,
        1.9055386355859112e-33
      ],
      [
        -1.0,
        5.779960066538688e-16,
        -6.123233995736767e-17
      ],
      [
        -6.123233995736767e-17,
        3.348650933784474e-32,
        1.0
      ]
    ]
  },
  "rear_right_level_2_beam": {
    "Name": "rear_right_level_2_beam",
    "CG": [
      0.0,
      600.0000000000002,
      0.0
    ],
    "MASS": 2.7176493321136994,
    "Translation": [
      -2419.2388155425124,
      919.2388155425116,
      -1046.5
    ],
    "Rotation": [
      [
        0.0,
        0.7071067811865478,
        0.7071067811865474
      ],
      [
        -6.123233995736767e-17,
        -0.7071067811865474,
        0.7071067811865478
      ],
      [
        1.0,
        -4.329780281177466e-17,
        4.329780281177468e-17
      ]
    ]
  },
  "rear_right_level_2_cylinder": {
    "Name": "rear_right_level_2_cylinder",
    "CG": [
      77.50000943494257,
      0.0,
      0.0
    ],
    "MASS": 1.6509349300559113,
    "Translation": [
      -2489.9494936611673,
      989.9494936611663,
      -969.0
    ],
    "Rotation": [
      [
        0.0,
        0.7071067811865474,
        0.7071067811865478
      ],
      [
        6.123233995736767e-17,
        0.7071067811865478,
        -0.7071067811865474
      ],
      [
        -1.0,
        4.329780281177468e-17,
        -4.329780281177466e-17
      ]
    ]
  },
  "rear_right_level_3_cylinder": {
    "Name": "rear_right_level_3_cylinder",
    "CG": [
      77.50000943494257,
      0.0,
      0.0
    ],
    "MASS": 1.6509349300559113,
    "Translation": [
      -2489.9494936611673,
      989.9494936611663,
      -1124.0
    ],
    "Rotation": [
      [
        0.0,
        1.0,
        3.3306690738754696e-16
      ],
      [
        6.123233995736767e-17,
        3.3306690738754696e-16,
        -1.0
      ],
      [
        -1.0,
        1.232595164407831e-32,
        -6.123233995736767e-17
      ]
    ]
  },
  "5_oclock_level_3_beam": {
    "Name": "5_oclock_level_3_beam",
    "CG": [
      0.0,
      400.00000000000017,
      0.0
    ],
    "MASS": 1.8117662214091335,
    "Translation": [
      -3389.9494936611673,
      989.9494936611658,
      -1201.5
    ],
    "Rotation": [
      [
        8.068514457625063e-33,
        1.0,
        -3.9429924734491463e-16
      ],
      [
        -6.123233995736767e-17,
        3.9429924734491463e-16,
        1.0
      ],
      [
        1.0,
        1.6075351100732953e-32,
        6.123233995736767e-17
      ]
    ]
  },
  "5_oclock_level_3_cylinder": {
    "Name": "5_oclock_level_3_cylinder",
    "CG": [
      77.50000943494257,
      0.0,
      0.0
    ],
    "MASS": 1.6509349300559113,
    "Translation": [
      -3489.9494936611673,
      989.9494936611658,
      -1124.0
    ],
    "Rotation": [
      [
        -8.068514457625063e-33,
        -3.9429924734491463e-16,
        1.0
      ],
      [
        6.123233995736767e-17,
        1.0,
        3.9429924734491463e-16
      ],
      [
        -1.0,
        6.123233995736767e-17,
        1.6075351100732953e-32
      ]
    ]
  },
  "5_oclock_motor": {
    "Name": "5_oclock_motor",
    "CG": [
      0.0,
      43.32468697045676,
      0.0025079440459530034
    ],
    "MASS": 12.3,
    "Translation": [
      -3489.9494936611673,
      989.9494936611658,
      -1365.0
    ],
    "Rotation": [
      [
        -1.0,
        8.068514457625063e-33,
        -3.9429924734491463e-16
      ],
      [
        -3.9429924734491463e-16,
        -6.123233995736767e-17,
        1.0
      ],
      [
        -1.6075351100732953e-32,
        1.0,
        6.123233995736767e-17
      ]
    ]
  },
  "5_oclock_prop": {
    "Name": "5_oclock_prop",
    "CG": [
      0.0,
      0.0,
      32.385
    ],
    "MASS": 0.193,
    "Translation": [
      -3489.9494936611673,
      989.9494936611658,
      -1429.77
    ],
    "Rotation": [
      [
        -5.167636666965012e-16,
        -1.0,
        8.068514457625063e-33
      ],
      [
        1.0,
        -5.167636666965012e-16,
        -6.123233995736767e-17
      ],
      [
        6.123233995736767e-17,
        -2.3574134059150938e-32,
        1.0
      ]
    ]
  },
  "rear_right_motor": {
    "Name": "rear_right_motor",
    "CG": [
      0.0,
      43.32468697045676,
      0.0025079440459530034
    ],
    "MASS": 12.3,
    "Translation": [
      -2489.9494936611673,
      989.9494936611663,
      -1365.0
    ],
    "Rotation": [
      [
        -3.3306690738754696e-16,
        0.0,
        1.0
      ],
      [
        1.0,
        -6.123233995736767e-17,
        3.3306690738754696e-16
      ],
      [
        6.123233995736767e-17,
        1.0,
        1.232595164407831e-32
      ]
    ]
  },
  "rear_right_prop": {
    "Name": "rear_right_prop",
    "CG": [
      0.0,
      0.0,
      32.385
    ],
    "MASS": 0.193,
    "Translation": [
      -2489.9494936611673,
      989.9494936611663,
      -1429.77
    ],
    "Rotation": [
      [
        1.0,
        -4.555313267391335e-16,
        0.0
      ],
      [
        4.555313267391335e-16,
        1.0,
        -6.123233995736767e-17
      ],
      [
        2.7893249060121357e-32,
        6.123233995736767e-17,
        1.0
      ]
    ]
  },
  "4_oclock_level_3_beam": {
    "Name": "4_oclock_level_3_beam",
    "CG": [
      0.0,
      400.00000000000017,
      0.0
    ],
    "MASS": 1.8117662214091335,
    "Translation": [
      -2489.9494936611677,
      1889.9494936611663,
      -1201.5
    ],
    "Rotation": [
      [
        8.068514457625066e-33,
        4.555315873022823e-16,
        1.0
      ],
      [
        -6.123233995736767e-17,
        -1.0,
        4.555315873022823e-16
      ],
      [
        1.0,
        -6.123233995736767e-17,
        1.9824750557387597e-32
      ]
    ]
  },
  "4_oclock_level_3_cylinder": {
    "Name": "4_oclock_level_3_cylinder",
    "CG": [
      77.50000943494257,
      0.0,
      0.0
    ],
    "MASS": 1.6509349300559113,
    "Translation": [
      -2489.9494936611677,
      1989.9494936611663,
      -1124.0
    ],
    "Rotation": [
      [
        -8.068514457625066e-33,
        1.0,
        4.555315873022823e-16
      ],
      [
        6.123233995736767e-17,
        4.555315873022823e-16,
        -1.0
      ],
      [
        -1.0,
        1.9824750557387597e-32,
        -6.123233995736767e-17
      ]
    ]
  },
  "4_oclock_motor": {
    "Name": "4_oclock_motor",
    "CG": [
      0.0,
      43.32468697045676,
      0.0025079440459530034
    ],
    "MASS": 12.3,
    "Translation": [
      -2489.9494936611677,
      1989.9494936611663,
      -1365.0
    ],
    "Rotation": [
      [
        -4.555315873022823e-16,
        8.068514457625066e-33,
        1.0
      ],
      [
        1.0,
        -6.123233995736767e-17,
        4.555315873022823e-16
      ],
      [
        6.123233995736767e-17,
        1.0,
        1.9824750557387597e-32
      ]
    ]
  },
  "4_oclock_prop": {
    "Name": "4_oclock_prop",
    "CG": [
      0.0,
      0.0,
      32.385
    ],
    "MASS": 0.193,
    "Translation": [
      -2489.9494936611677,
      1989.9494936611663,
      -1429.77
    ],
    "Rotation": [
      [
        1.0,
        -5.779960066538688e-16,
        8.068514457625066e-33
      ],
      [
        5.779960066538688e-16,
        1.0,
        -6.123233995736767e-17
      ],
      [
        2.7323533515805584e-32,
        6.123233995736767e-17,
        1.0
      ]
    ]
  },
  "rear_left_level_2_beam": {
    "Name": "rear_left_level_2_beam",
    "CG": [
      0.0,
      600.0000000000002,
      0.0
    ],
    "MASS": 2.7176493321136994,
    "Translation": [
      -2419.2388155425115,
      -919.2388155425119,
      -1046.5
    ],
    "Rotation": [
      [
        0.0,
        0.7071067811865474,
        -0.7071067811865476
      ],
      [
        -6.123233995736765e-17,
        0.7071067811865476,
        0.7071067811865474
      ],
      [
        0.9999999999999999,
        4.3297802811774664e-17,
        4.329780281177465e-17
      ]
    ]
  },
  "rear_left_level_2_cylinder": {
    "Name": "rear_left_level_2_cylinder",
    "CG": [
      77.50000943494257,
      0.0,
      0.0
    ],
    "MASS": 1.6509349300559113,
    "Translation": [
      -2489.9494936611663,
      -989.9494936611667,
      -969.0
    ],
    "Rotation": [
      [
        0.0,
        -0.7071067811865476,
        0.7071067811865474
      ],
      [
        6.123233995736765e-17,
        0.7071067811865474,
        0.7071067811865476
      ],
      [
        -0.9999999999999999,
        4.329780281177465e-17,
        4.3297802811774664e-17
      ]
    ]
  },
  "rear_left_level_3_cylinder": {
    "Name": "rear_left_level_3_cylinder",
    "CG": [
      77.50000943494257,
      0.0,
      0.0
    ],
    "MASS": 1.6509349300559113,
    "Translation": [
      -2489.9494936611663,
      -989.9494936611667,
      -1124.0
    ],
    "Rotation": [
      [
        0.0,
        -2.220446049250313e-16,
        1.0
      ],
      [
        6.123233995736766e-17,
        1.0,
        2.220446049250313e-16
      ],
      [
        -1.0,
        6.123233995736766e-17,
        1.232595164407831e-32
      ]
    ]
  },
  "7_oclock_level_3_beam": {
    "Name": "7_oclock_level_3_beam",
    "CG": [
      0.0,
      400.00000000000017,
      0.0
    ],
    "MASS": 1.8117662214091335,
    "Translation": [
      -3389.9494936611663,
      -989.9494936611669,
      -1201.5
    ],
    "Rotation": [
      [
        1.2703590903906038e-33,
        1.0,
        -3.4450928483976665e-16
      ],
      [
        -6.123233995736766e-17,
        3.4450928483976665e-16,
        1.0
      ],
      [
        1.0,
        1.9824750557387597e-32,
        6.123233995736766e-17
      ]
    ]
  },
  "7_oclock_level_3_cylinder": {
    "Name": "7_oclock_level_3_cylinder",
    "CG": [
      77.50000943494257,
      0.0,
      0.0
    ],
    "MASS": 1.6509349300559113,
    "Translation": [
      -3489.9494936611663,
      -989.9494936611669,
      -1124.0
    ],
    "Rotation": [
      [
        -1.2703590903906038e-33,
        -3.4450928483976665e-16,
        1.0
      ],
      [
        6.123233995736766e-17,
        1.0,
        3.4450928483976665e-16
      ],
      [
        -1.0,
        6.123233995736766e-17,
        1.9824750557387597e-32
      ]
    ]
  },
  "7_oclock_motor": {
    "Name": "7_oclock_motor",
    "CG": [
      0.0,
      43.32468697045676,
      0.0025079440459530034
    ],
    "MASS": 12.3,
    "Translation": [
      -3489.9494936611663,
      -989.9494936611669,
      -1365.0
    ],
    "Rotation": [
      [
        -1.0,
        1.2703590903906038e-33,
        -3.4450928483976665e-16
      ],
      [
        -3.4450928483976665e-16,
        -6.123233995736766e-17,
        1.0
      ],
      [
        -1.9824750557387597e-32,
        1.0,
        6.123233995736766e-17
      ]
    ]
  },
  "7_oclock_prop": {
    "Name": "7_oclock_prop",
    "CG": [
      0.0,
      0.0,
      32.385
    ],
    "MASS": 0.193,
    "Translation": [
      -3489.9494936611663,
      -989.9494936611669,
      -1429.77
    ],
    "Rotation": [
      [
        -4.669737041913532e-16,
        -1.0,
        1.2703590903906038e-33
      ],
      [
        1.0,
        -4.669737041913532e-16,
        -6.123233995736766e-17
      ],
      [
        6.123233995736766e-17,
        -2.732353351580558e-32,
        1.0
      ]
    ]
  },
  "rear_left_motor": {
    "Name": "rear_left_motor",
    "CG": [
      0.0,
      43.32468697045676,
      0.0025079440459530034
    ],
    "MASS": 12.3,
    "Translation": [
      -2489.9494936611663,
      -989.9494936611667,
      -1365.0
    ],
    "Rotation": [
      [
        -1.0,
        0.0,
        -2.220446049250313e-16
      ],
      [
        -2.220446049250313e-16,
        -6.123233995736766e-17,
        1.0
      ],
      [
        -1.359631073446891e-32,
        1.0,
        6.123233995736766e-17
      ]
    ]
  },
  "rear_left_prop": {
    "Name": "rear_left_prop",
    "CG": [
      0.0,
      0.0,
      32.385
    ],
    "MASS": 0.193,
    "Translation": [
      -2489.9494936611663,
      -989.9494936611667,
      -1429.77
    ],
    "Rotation": [
      [
        -3.4450902427661783e-16,
        -1.0,
        0.0
      ],
      [
        1.0,
        -3.4450902427661783e-16,
        -6.123233995736766e-17
      ],
      [
        6.123233995736766e-17,
        -2.1095093692886895e-32,
        1.0
      ]
    ]
  },
  "8_oclock_level_3_beam": {
    "Name": "8_oclock_level_3_beam",
    "CG": [
      0.0,
      400.00000000000017,
      0.0
    ],
    "MASS": 1.8117662214091335,
    "Translation": [
      -2489.9494936611663,
      -1889.9494936611668,
      -1201.5
    ],
    "Rotation": [
      [
        1.2703590903906011e-33,
        -2.83276944882399e-16,
        -1.0
      ],
      [
        -6.123233995736766e-17,
        1.0,
        -2.83276944882399e-16
      ],
      [
        1.0,
        6.123233995736766e-17,
        -1.6075351100732953e-32
      ]
    ]
  },
  "8_oclock_level_3_cylinder": {
    "Name": "8_oclock_level_3_cylinder",
    "CG": [
      77.50000943494257,
      0.0,
      0.0
    ],
    "MASS": 1.6509349300559113,
    "Translation": [
      -2489.9494936611663,
      -1989.9494936611668,
      -1124.0
    ],
    "Rotation": [
      [
        -1.2703590903906011e-33,
        -1.0,
        -2.83276944882399e-16
      ],
      [
        6.123233995736766e-17,
        -2.83276944882399e-16,
        1.0
      ],
      [
        -1.0,
        -1.6075351100732953e-32,
        6.123233995736766e-17
      ]
    ]
  },
  "8_oclock_motor": {
    "Name": "8_oclock_motor",
    "CG": [
      0.0,
      43.32468697045676,
      0.0025079440459530034
    ],
    "MASS": 12.3,
    "Translation": [
      -2489.9494936611663,
      -1989.9494936611668,
      -1365.0
    ],
    "Rotation": [
      [
        2.83276944882399e-16,
        1.2703590903906011e-33,
        -1.0
      ],
      [
        -1.0,
        -6.123233995736766e-17,
        -2.83276944882399e-16
      ],
      [
        -6.123233995736766e-17,
        1.0,
        -1.6075351100732953e-32
      ]
    ]
  },
  "8_oclock_prop": {
    "Name": "8_oclock_prop",
    "CG": [
      0.0,
      0.0,
      32.385
    ],
    "MASS": 0.193,
    "Translation": [
      -2489.9494936611663,
      -1989.9494936611668,
      -1429.77
    ],
    "Rotation": [
      [
        -1.0,
        4.057413642339855e-16,
        1.2703590903906011e-33
      ],
      [
        -4.057413642339855e-16,
        -1.0,
        -6.123233995736766e-17
      ],
      [
        -2.3574134059150935e-32,
        -6.123233995736766e-17,
        1.0
      ]
    ]
  },
  "front_left_level_2_beam": {
    "Name": "front_left_level_2_beam",
    "CG": [
      0.0,
      600.0000000000002,
      0.0
    ],
    "MASS": 2.7176493321136994,
    "Translation": [
      -580.7611844574881,
      -919.2388155425116,
      -1046.5
    ],
    "Rotation": [
      [
        0.0,
        -0.7071067811865476,
        -0.7071067811865474
      ],
      [
        -6.123233995736765e-17,
        0.7071067811865474,
        -0.7071067811865476
      ],
      [
        0.9999999999999999,
        4.329780281177465e-17,
        -4.3297802811774664e-17
      ]
    ]
  },
  "front_left_level_2_cylinder": {
    "Name": "front_left_level_2_cylinder",
    "CG": [
      77.50000943494257,
      0.0,
      0.0
    ],
    "MASS": 1.6509349300559113,
    "Translation": [
      -510.0505063388333,
      -989.9494936611663,
      -969.0
    ],
    "Rotation": [
      [
        0.0,
        -0.7071067811865474,
        -0.7071067811865476
      ],
      [
        6.123233995736765e-17,
        -0.7071067811865476,
        0.7071067811865474
      ],
      [
        -0.9999999999999999,
        -4.3297802811774664e-17,
        4.329780281177465e-17
      ]
    ]
  },
  "front_left_level_3_cylinder": {
    "Name": "front_left_level_3_cylinder",
    "CG": [
      77.50000943494257,
      0.0,
      0.0
    ],
    "MASS": 1.6509349300559113,
    "Translation": [
      -510.0505063388333,
      -989.9494936611663,
      -1124.0
    ],
    "Rotation": [
      [
        0.0,
        -1.0,
        -2.220446049250313e-16
      ],
      [
        6.123233995736766e-17,
        -2.220446049250313e-16,
        1.0
      ],
      [
        -1.0,
        -6.162975822039155e-33,
        6.123233995736765e-17
      ]
    ]
  },
  "11_oclock_level_3_beam": {
    "Name": "11_oclock_level_3_beam",
    "CG": [
      0.0,
      400.00000000000017,
      0.0
    ],
    "MASS": 1.8117662214091335,
    "Translation": [
      389.9494936611667,
      -989.949493661166,
      -1201.5
    ],
    "Rotation": [
      [
        7.433334912429753e-33,
        -1.0,
        2.83276944882399e-16
      ],
      [
        -6.123233995736765e-17,
        -2.83276944882399e-16,
        -1.0
      ],
      [
        1.0,
        -9.912375278693799e-33,
        -6.123233995736765e-17
      ]
    ]
  },
  "11_oclock_level_3_cylinder": {
    "Name": "11_oclock_level_3_cylinder",
    "CG": [
      77.50000943494257,
      0.0,
      0.0
    ],
    "MASS": 1.6509349300559113,
    "Translation": [
      489.9494936611667,
      -989.949493661166,
      -1124.0
    ],
    "Rotation": [
      [
        -7.433334912429753e-33,
        2.83276944882399e-16,
        -1.0
      ],
      [
        6.123233995736765e-17,
        -1.0,
        -2.83276944882399e-16
      ],
      [
        -1.0,
        -6.123233995736765e-17,
        -9.912375278693799e-33
      ]
    ]
  },
  "11_oclock_motor": {
    "Name": "11_oclock_motor",
    "CG": [
      0.0,
      43.32468697045676,
      0.0025079440459530034
    ],
    "MASS": 12.3,
    "Translation": [
      489.9494936611667,
      -989.949493661166,
      -1365.0
    ],
    "Rotation": [
      [
        1.0,
        7.433334912429753e-33,
        2.83276944882399e-16
      ],
      [
        2.83276944882399e-16,
        -6.123233995736765e-17,
        -1.0
      ],
      [
        9.912375278693799e-33,
        1.0,
        -6.123233995736765e-17
      ]
    ]
  },
  "11_oclock_prop": {
    "Name": "11_oclock_prop",
    "CG": [
      0.0,
      0.0,
      32.385
    ],
    "MASS": 0.193,
    "Translation": [
      489.9494936611667,
      -989.949493661166,
      -1429.77
    ],
    "Rotation": [
      [
        4.057413642339855e-16,
        1.0,
        7.433334912429753e-33
      ],
      [
        -1.0,
        4.057413642339855e-16,
        -6.123233995736765e-17
      ],
      [
        -6.123233995736765e-17,
        1.741115823711178e-32,
        1.0
      ]
    ]
  },
  "front_left_motor": {
    "Name": "front_left_motor",
    "CG": [
      0.0,
      43.32468697045676,
      0.0025079440459530034
    ],
    "MASS": 12.3,
    "Translation": [
      -510.0505063388333,
      -989.9494936611663,
      -1365.0
    ],
    "Rotation": [
      [
        2.220446049250313e-16,
        0.0,
        -1.0
      ],
      [
        -1.0,
        -6.123233995736766e-17,
        -2.220446049250313e-16
      ],
      [
        -6.123233995736766e-17,
        1.0,
        -6.162975822039155e-33
      ]
    ]
  },
  "front_left_prop": {
    "Name": "front_left_prop",
    "CG": [
      0.0,
      0.0,
      32.385
    ],
    "MASS": 0.193,
    "Translation": [
      -510.0505063388333,
      -989.9494936611663,
      -1429.77
    ],
    "Rotation": [
      [
        -1.0,
        3.4450902427661783e-16,
        0.0
      ],
      [
        -3.4450902427661783e-16,
        -1.0,
        -6.123233995736766e-17
      ],
      [
        -2.1095093692886895e-32,
        -6.123233995736766e-17,
        1.0
      ]
    ]
  },
  "10_oclock_level_3_beam": {
    "Name": "10_oclock_level_3_beam",
    "CG": [
      0.0,
      400.00000000000017,
      0.0
    ],
    "MASS": 1.8117662214091335,
    "Translation": [
      -510.05050633883303,
      -1889.9494936611663,
      -1201.5
    ],
    "Rotation": [
      [
        7.433334912429753e-33,
        -3.4450928483976665e-16,
        -1.0
      ],
      [
        -6.123233995736765e-17,
        1.0,
        -3.4450928483976665e-16
      ],
      [
        1.0,
        6.123233995736765e-17,
        -1.3661774735348443e-32
      ]
    ]
  },
  "10_oclock_level_3_cylinder": {
    "Name": "10_oclock_level_3_cylinder",
    "CG": [
      77.50000943494257,
      0.0,
      0.0
    ],
    "MASS": 1.6509349300559113,
    "Translation": [
      -510.050506338833,
      -1989.9494936611663,
      -1124.0
    ],
    "Rotation": [
      [
        -7.433334912429753e-33,
        -1.0,
        -3.4450928483976665e-16
      ],
      [
        6.123233995736765e-17,
        -3.4450928483976665e-16,
        1.0
      ],
      [
        -1.0,
        -1.3661774735348443e-32,
        6.123233995736765e-17
      ]
    ]
  },
  "10_oclock_motor": {
    "Name": "10_oclock_motor",
    "CG": [
      0.0,
      43.32468697045676,
      0.0025079440459530034
    ],
    "MASS": 12.3,
    "Translation": [
      -510.050506338833,
      -1989.9494936611663,
      -1365.0
    ],
    "Rotation": [
      [
        3.4450928483976665e-16,
        7.433334912429753e-33,
        -1.0
      ],
      [
        -1.0,
        -6.123233995736765e-17,
        -3.4450928483976665e-16
      ],
      [
        -6.123233995736765e-17,
        1.0,
        -1.3661774735348443e-32
      ]
    ]
  },
  "10_oclock_prop": {
    "Name": "10_oclock_prop",
    "CG": [
      0.0,
      0.0,
      32.385
    ],
    "MASS": 0.193,
    "Translation": [
      -510.050506338833,
      -1989.9494936611663,
      -1429.77
    ],
    "Rotation": [
      [
        -1.0,
        4.669737041913532e-16,
        7.433334912429753e-33
      ],
      [
        -4.669737041913532e-16,
        -1.0,
        -6.123233995736765e-17
      ],
      [
        -2.1160557693766424e-32,
        -6.123233995736765e-17,
        1.0
      ]
    ]
  },
  "center_motor": {
    "Name": "center_motor",
    "CG": [
      0.0,
      43.32468697045676,
      0.0025079440459530034
    ],
    "MASS": 12.3,
    "Translation": [
      -1500.0,
      2.7003461921199135e-14,
      -1210.0
    ],
    "Rotation": [
      [
        -0.7071067811865476,
        0.0,
        0.7071067811865474
      ],
      [
        0.7071067811865474,
        -6.123233995736766e-17,
        0.7071067811865476
      ],
      [
        4.329780281177465e-17,
        1.0,
        4.3297802811774664e-17
      ]
    ]
  },
  "center_prop": {
    "Name": "center_prop",
    "CG": [
      0.0,
      0.0,
      32.385
    ],
    "MASS": 0.193,
    "Translation": [
      -1500.0,
      3.0969476250457556e-14,
      -1274.77
    ],
    "Rotation": [
      [
        0.7071067811865474,
        -0.7071067811865478,
        0.0
      ],
      [
        0.7071067811865478,
        0.7071067811865474,
        -6.123233995736767e-17
      ],
      [
        4.329780281177469e-17,
        4.329780281177466e-17,
        1.0000000000000002
      ]
    ]
  },
  "right_level_1_beam": {
    "Name": "right_level_1_beam",
    "CG": [
      0.0,
      405.5000000000001,
      0.0
    ],
    "MASS": 1.836678006953505,
    "Translation": [
      -1500.0000000000002,
      911.0,
      -869.0
    ],
    "Rotation": [
      [
        -2.7369110631344083e-48,
        3.0616169978683826e-16,
        1.0
      ],
      [
        -6.123233995736766e-17,
        -1.0,
        3.0616169978683826e-16
      ],
      [
        1.0,
        -6.123233995736766e-17,
        1.874699728327322e-32
      ]
    ]
  },
  "right_level_1_cylinder": {
    "Name": "right_level_1_cylinder",
    "CG": [
      77.50000943494257,
      0.0,
      0.0
    ],
    "MASS": 1.6509349300559113,
    "Translation": [
      -1500.0000000000002,
      1011.0,
      -791.5
    ],
    "Rotation": [
      [
        2.7369110631344083e-48,
        1.0,
        3.0616169978683826e-16
      ],
      [
        6.123233995736766e-17,
        3.0616169978683826e-16,
        -1.0
      ],
      [
        -1.0,
        1.874699728327322e-32,
        -6.123233995736766e-17
      ]
    ]
  },
  "right_level_1_motor": {
    "Name": "right_level_1_motor",
    "CG": [
      0.0,
      46.15980929188165,
      0.0019524943555082608
    ],
    "MASS": 20.3,
    "Translation": [
      -1500.0000000000002,
      1011.0,
      -1039.6
    ],
    "Rotation": [
      [
        -3.0616169978683826e-16,
        -2.7369110631344083e-48,
        1.0
      ],
      [
        1.0,
        -6.123233995736766e-17,
        3.0616169978683826e-16
      ],
      [
        6.123233995736766e-17,
        1.0,
        1.874699728327322e-32
      ]
    ]
  },
  "right_level_1_prop": {
    "Name": "right_level_1_prop",
    "CG": [
      0.0,
      0.0,
      45.72
    ],
    "MASS": 0.863,
    "Translation": [
      -1500.0000000000002,
      1011.0,
      -1131.04
    ],
    "Rotation": [
      [
        1.0,
        -4.286261191384248e-16,
        -2.7369110631344083e-48
      ],
      [
        4.286261191384248e-16,
        1.0,
        -6.123233995736766e-17
      ],
      [
        2.62457802416912e-32,
        6.123233995736766e-17,
        1.0
      ]
    ]
  },
