{
  "main_hub": {
    "Name": "main_hub",
    "CG": [
      5.297554136456226,
      0.0,
      0.0
    ],
    "MASS": 0.019297311395868138,
    "Translation": [
      0.0,
      0.0,
      10.16
    ],
    "Rotation": [
      [
        -1.0,
        0.0,
        -6.123233995736766e-17
      ],
      [
        6.123233995736766e-17,
        0.0,
        -1.0
      ],
      [
        0.0,
        -1.0,
        0.0
      ]
    ]
  },
  "cargo_case": {
    "Name": "cargo_case",
    "CG": [
      0.0,
      0.0,
      63.49142271053087
    ],
    "MASS": 0.10000000000000003,
    "Translation": [
      0.0,
      0.0,
      175.32
    ],
    "Rotation": [
      [
        6.123233995736766e-17,
        1.0,
        0.0
      ],
      [
        1.0,
        -6.123233995736766e-17,
        0.0
      ],
      [
        0.0,
        0.0,
        -1.0
      ]
    ]
  },
  "cargo": {
    "Name": "cargo",
    "CG": [
      0.0,
      0.0,
      56.250003082211144
    ],
    "MASS": 0.5,
    "Translation": [
      0.0,
      0.0,
      59.81999999999999
    ],
    "Rotation": [
      [
        -6.123233995736766e-17,
        1.0,
        0.0
      ],
      [
        -1.0,
        -6.123233995736766e-17,
        0.0
      ],
      [
        0.0,
        0.0,
        1.0
      ]
    ]
  },
  "mid_tube_l": {
    "Name": "mid_tube_l",
    "CG": [
      0.0,
      0.0,
      70.00000000000001
    ],
    "MASS": 0.007949287752046489,
    "Translation": [
      -6.221205739668554e-16,
      -10.16,
      10.16
    ],
    "Rotation": [
      [
        0.0,
        1.0,
        -6.123233995736766e-17
      ],
      [
        0.0,
        -6.123233995736766e-17,
        -1.0
      ],
      [
        -1.0,
        0.0,
        0.0
      ]
    ]
  },
  "side_hub_l": {
    "Name": "side_hub_l",
    "CG": [
      5.297554136456226,
      0.0,
      0.0
    ],
    "MASS": 0.019297311395868138,
    "Translation": [
      -1.0082826587698453e-14,
      -160.32,
      10.16
    ],
    "Rotation": [
      [
        2.6764391209584464e-33,
        -1.2246467991473532e-16,
        1.0
      ],
      [
        1.0,
        2.1854783949314106e-17,
        -1.0035039385890832e-65
      ],
      [
        -2.1854783949314106e-17,
        1.0,
        1.2246467991473532e-16
      ]
    ]
  },
  "front_rail_l": {
    "Name": "front_rail_l",
    "CG": [
      0.0,
      0.0,
      67.5
    ],
    "MASS": 0.007665384618044828,
    "Translation": [
      10.15999999999999,
      -160.32,
      10.160000000000002
    ],
    "Rotation": [
      [
        -1.2246467991473532e-16,
        -2.6764391209584464e-33,
        1.0
      ],
      [
        2.1854783949314106e-17,
        -1.0,
        -1.0035039385890832e-65
      ],
      [
        1.0,
        2.1854783949314106e-17,
        1.2246467991473532e-16
      ]
    ]
  },
  "front_hub_l": {
    "Name": "front_hub_l",
    "CG": [
      0.0,
      0.0,
      0.0
    ],
    "MASS": 0.024376292615504943,
    "Translation": [
      155.32,
      -160.32,
      10.160000000000018
    ],
    "Rotation": [
      [
        -2.4492935982947064e-16,
        4.370956789862824e-17,
        1.0
      ],
      [
        -1.6184223592278885e-16,
        -1.0,
        4.37095678986282e-17
      ],
      [
        1.0,
        -1.6184223592278885e-16,
        2.4492935982947064e-16
      ]
    ]
  },
  "front_railDwn_l": {
    "Name": "front_railDwn_l",
    "CG": [
      0.0,
      0.0,
      45.0
    ],
    "MASS": 0.0051102564120298856,
    "Translation": [
      155.32,
      -160.32,
      20.320000000000018
    ],
    "Rotation": [
      [
        4.370956789862824e-17,
        1.0,
        -1.8369701987210297e-16
      ],
      [
        -1.0,
        4.370956789862821e-17,
        -1.3998745197347474e-16
      ],
      [
        -1.3998745197347474e-16,
        1.8369701987210297e-16,
        1.0
      ]
    ]
  },
  "front_hubLower_l": {
    "Name": "front_hubLower_l",
    "CG": [
      -7.527225750998205,
      0.0,
      7.527227728227391
    ],
    "MASS": 0.013872519110923714,
    "Translation": [
      155.31999999999996,
      -160.32,
      120.48000000000002
    ],
    "Rotation": [
      [
        -3.6739403974420594e-16,
        4.3709567898628244e-17,
        1.0
      ],
      [
        -1.6184223592278885e-16,
        -1.0,
        4.370956789862818e-17
      ],
      [
        1.0,
        -1.6184223592278885e-16,
        3.6739403974420594e-16
      ]
    ]
  },
  "front_railLower_l": {
    "Name": "front_railLower_l",
    "CG": [
      0.0,
      0.0,
      45.0
    ],
    "MASS": 0.0051102564120298856,
    "Translation": [
      165.47999999999996,
      -160.32,
      120.48000000000002
    ],
    "Rotation": [
      [
        4.3709567898628244e-17,
        3.6739403974420594e-16,
        1.0
      ],
      [
        -1.0,
        1.6184223592278885e-16,
        4.370956789862818e-17
      ],
      [
        -1.6184223592278883e-16,
        -1.0,
        3.6739403974420594e-16
      ]
    ]
  },
  "front_flange_l": {
    "Name": "front_flange_l",
    "CG": [
      0.0,
      28.307006383895775,
      0.0
    ],
    "MASS": 0.025749747760097526,
    "Translation": [
      233.46666666666664,
      -160.32,
      120.48000000000003
    ],
    "Rotation": [
      [
        -4.3709567898628244e-17,
        1.0,
        3.6739403974420594e-16
      ],
      [
        1.0,
        4.370956789862818e-17,
        1.6184223592278885e-16
      ],
      [
        1.6184223592278883e-16,
        3.6739403974420594e-16,
        -1.0
      ]
    ]
  },
  "front_wing_tube_l": {
    "Name": "front_wing_tube_l",
    "CG": [
      0.0,
      0.0,
      26.000000000000004
    ],
    "MASS": 0.002952592593617267,
    "Translation": [
      260.56,
      -160.32,
      110.32000000000005
    ],
    "Rotation": [
      [
        1.0,
        -4.3709567898628244e-17,
        -3.6739403974420594e-16
      ],
      [
        4.370956789862818e-17,
        1.0,
        -1.6184223592278885e-16
      ],
      [
        3.6739403974420594e-16,
        1.6184223592278883e-16,
        1.0
      ]
    ]
  },
  "front_left_wing": {
    "Name": "front_left_wing",
    "CG": [
      63.12200774489779,
      0.0,
      225.10878069197562
    ],
    "MASS": 0.05681661540386577,
    "Translation": [
      298.06000000000006,
      0.0,
      153.4093060518518
    ],
    "Rotation": [
      [
        -1.0,
        3.6739403974420594e-16,
        -7.875511201610708e-17
      ],
      [
        7.875511201610714e-17,
        1.6184223592278885e-16,
        -1.0
      ],
      [
        -3.6739403974420594e-16,
        -1.0,
        -1.6184223592278888e-16
      ]
    ]
  },
  "front_l_motor": {
    "Name": "front_l_motor",
    "CG": [
      0.0,
      11.400638311390551,
      0.07149593414990019
    ],
    "MASS": 0.068,
    "Translation": [
      298.28166666666664,
      -160.32,
      120.48000000000006
    ],
    "Rotation": [
      [
        4.3709567898628244e-17,
        -1.0,
        3.6739403974420594e-16
      ],
      [
        -1.0,
        -4.370956789862818e-17,
        1.6184223592278885e-16
      ],
      [
        -1.6184223592278883e-16,
        -3.6739403974420594e-16,
        -1.0
      ]
    ]
  },
  "front_l_prop": {
    "Name": "front_l_prop",
    "CG": [
      0.0,
      0.0,
      3.8099999999999996
    ],
    "MASS": 0.017871446,
    "Translation": [
      305.90166666666664,
      -160.32,
      120.48000000000006
    ],
    "Rotation": [
      [
        3.6739403974420594e-16,
        4.37095678986282e-17,
        -1.0
      ],
      [
        3.9379484585689986e-17,
        -1.0,
        -4.370956789862818e-17
      ],
      [
        -1.0,
        -3.937948458568996e-17,
        -3.6739403974420594e-16
      ]
    ]
  },
  "rear_rail_l": {
    "Name": "rear_rail_l",
    "CG": [
      0.0,
      0.0,
      110.0
    ],
    "MASS": 0.012491737896073052,
    "Translation": [
      -10.16000000000001,
      -160.32,
      10.16
    ],
    "Rotation": [
      [
        -7.875511201610711e-17,
        1.2246467991473532e-16,
        -1.0
      ],
      [
        2.18547839493141e-17,
        1.0,
        1.2246467991473532e-16
      ],
      [
        1.0,
        -2.185478394931409e-17,
        -7.875511201610711e-17
      ]
    ]
  },
  "rear_hub_l": {
    "Name": "rear_hub_l",
    "CG": [
      5.297554136456226,
      0.0,
      0.0
    ],
    "MASS": 0.019297311395868138,
    "Translation": [
      -240.32000000000002,
      -160.31999999999996,
      10.159999999999982
    ],
    "Rotation": [
      [
        2.012197919308424e-16,
        -7.875511201610711e-17,
        -1.0
      ],
      [
        -8.308712390668178e-17,
        -1.0,
        7.875511201610711e-17
      ],
      [
        -1.0,
        8.308712390668175e-17,
        -2.0121979193084243e-16
      ]
    ]
  },
  "bottom_leg_l": {
    "Name": "bottom_leg_l",
    "CG": [
      0.0,
      0.0,
      75.0
    ],
    "MASS": 0.008517094020049808,
    "Translation": [
      -250.48000000000002,
      -160.31999999999996,
      10.15999999999998
    ],
    "Rotation": [
      [
        -7.875511201610713e-17,
        -2.012197919308424e-16,
        -1.0
      ],
      [
        -1.0,
        8.308712390668178e-17,
        7.875511201610711e-17
      ],
      [
        8.308712390668176e-17,
        1.0,
        -2.0121979193084243e-16
      ]
    ]
  },
  "rudder_tube_l": {
    "Name": "rudder_tube_l",
    "CG": [
      0.0,
      0.0,
      20.5
    ],
    "MASS": 0.002328005698813615,
    "Translation": [
      -240.32000000000002,
      -160.31999999999996,
      10.159999999999982
    ],
    "Rotation": [
      [
        1.0,
        -2.012197919308424e-16,
        -7.875511201610711e-17
      ],
      [
        -7.87551120161071e-17,
        8.308712390668178e-17,
        -1.0
      ],
      [
        2.012197919308424e-16,
        1.0,
        8.308712390668175e-17
      ]
    ]
  },
  "left_rudder": {
    "Name": "left_rudder",
    "CG": [
      42.18056377936945,
      0.0,
      70.16300911273395
    ],
    "MASS": 0.010582679103805257,
    "Translation": [
      -215.32000000000002,
      -195.37953357488914,
      60.15999999999998
    ],
    "Rotation": [
      [
        -1.0,
        7.875511201610711e-17,
        7.875511201610709e-17
      ],
      [
        7.875511201610711e-17,
        1.0,
        -8.308712390668176e-17
      ],
      [
        -7.875511201610709e-17,
        -8.308712390668175e-17,
        -1.0
      ]
    ]
  },
  "vertical_l": {
    "Name": "vertical_l",
    "CG": [
      0.0,
      0.0,
      75.0
    ],
    "MASS": 0.008517094020049808,
    "Translation": [
      -240.32000000000002,
      -160.31999999999996,
      -1.7763568394002505e-14
    ],
    "Rotation": [
      [
        -7.875511201610713e-17,
        -1.0,
        1.3998745197347474e-16
      ],
      [
        -1.0,
        7.875511201610711e-17,
        -1.0494190785599588e-16
      ],
      [
        1.0494190785599587e-16,
        -1.3998745197347479e-16,
        -1.0
      ]
    ]
  },
  "rear_left_wing": {
    "Name": "rear_left_wing",
    "CG": [
      75.70515027072346,
      0.0,
      304.64932450955763
    ],
    "MASS": 0.09710232530833046,
    "Translation": [
      -195.32,
      2.842170943040401e-14,
      -100.69283880183562
    ],
    "Rotation": [
      [
        -1.0,
        1.3998745197347474e-16,
        -2.624521318882101e-16
      ],
      [
        2.624521318882101e-16,
        -1.0494190785599588e-16,
        -1.0
      ],
      [
        -1.399874519734748e-16,
        -1.0,
        1.0494190785599584e-16
      ]
    ]
  },
  "rear_flange_l": {
    "Name": "rear_flange_l",
    "CG": [
      0.0,
      28.307006383895775,
      0.0
    ],
    "MASS": 0.025749747760097526,
    "Translation": [
      -267.4133333333333,
      -160.32,
      -139.84000000000003
    ],
    "Rotation": [
      [
        1.3998745197347479e-16,
        1.0,
        1.3998745197347474e-16
      ],
      [
        1.0,
        -1.3998745197347476e-16,
        -1.0494190785599588e-16
      ],
      [
        -1.0494190785599585e-16,
        1.3998745197347476e-16,
        -1.0
      ]
    ]
  },
  "rear_l_motor": {
    "Name": "rear_l_motor",
    "CG": [
      0.0,
      11.400638311390551,
      0.07149593414990019
    ],
    "MASS": 0.068,
    "Translation": [
      -202.5983333333333,
      -160.32,
      -139.84000000000003
    ],
    "Rotation": [
      [
        -1.3998745197347479e-16,
        -1.0,
        1.3998745197347474e-16
      ],
      [
        -1.0,
        1.3998745197347476e-16,
        -1.0494190785599588e-16
      ],
      [
        1.0494190785599585e-16,
        -1.3998745197347476e-16,
        -1.0
      ]
    ]
  },
  "rear_l_prop": {
    "Name": "rear_l_prop",
    "CG": [
      0.0,
      0.0,
      3.8099999999999996
    ],
    "MASS": 0.017871446,
    "Translation": [
      -194.9783333333333,
      -160.32,
      -139.84000000000003
    ],
    "Rotation": [
      [
        1.3998745197347471e-16,
        -1.399874519734748e-16,
        -1.0
      ],
      [
        -2.2740465919309475e-16,
        -1.0,
        1.3998745197347476e-16
      ],
      [
        -1.0,
        2.2740465919309475e-16,
        -1.3998745197347476e-16
      ]
    ]
  },
  "top_leg_l": {
    "Name": "top_leg_l",
    "CG": [
      0.0,
      0.0,
      75.0762
    ],
    "MASS": 0.00852574738757418,
    "Translation": [
      -245.39999999999998,
      -160.32,
      -139.84000000000003
    ],
    "Rotation": [
      [
        -1.3998745197347479e-16,
        -1.3998745197347474e-16,
        -1.0
      ],
      [
        -1.0,
        1.0494190785599588e-16,
        1.3998745197347476e-16
      ],
      [
        1.0494190785599585e-16,
        1.0,
        -1.3998745197347476e-16
      ]
    ]
  },
  "fuselage": {
    "Name": "fuselage",
    "CG": [
      -69.99999999949607,
      0.0,
      5.357740029066051
    ],
    "MASS": 0.9607342078213088,
    "Translation": [
      70.0,
      0.0,
      -50.45
    ],
    "Rotation": [
      [
        1.0,
        0.0,
        0.0
      ],
      [
        0.0,
        1.0,
        0.0
      ],
      [
        0.0,
        0.0,
        1.0
      ]
    ]
  },
  "Battery_2": {
    "Name": "Battery_2",
    "CG": [
      0.0,
      34.49741170904432,
      0.007677556619129611
    ],
    "MASS": 1.14,
    "Translation": [
      0.0,
      70.0,
      -17.950000000000003
    ],
    "Rotation": [
      [
        0.0,
        0.0,
        -1.0
      ],
      [
        1.0,
        0.0,
        0.0
      ],
      [
        0.0,
        -1.0,
        0.0
      ]
    ]
  },
  "GPS": {
    "Name": "GPS",
    "CG": [
      0.0,
      0.0,
      7.9000014227143245
    ],
    "MASS": 0.033,
    "Translation": [
      80.0,
      0.0,
      -17.950000000000003
    ],
    "Rotation": [
      [
        0.0,
        1.0,
        0.0
      ],
      [
        1.0,
        0.0,
        0.0
      ],
      [
        0.0,
        0.0,
        -1.0
      ]
    ]
  },
  "Voltage": {
    "Name": "Voltage",
    "CG": [
      0.0,
      0.0,
      3.000000519311542
    ],
    "MASS": 0.006,
    "Translation": [
      20.0,
      11.0,
      -17.950000000000003
    ],
    "Rotation": [
      [
        -1.0,
        0.0,
        0.0
      ],
      [
        0.0,
        1.0,
        0.0
      ],
      [
        0.0,
        0.0,
        -1.0
      ]
    ]
  },
  "Battery_1": {
    "Name": "Battery_1",
    "CG": [
      0.0,
      34.49741170904432,
      0.007677556619129611
    ],
    "MASS": 1.14,
    "Translation": [
      0.0,
      -70.0,
      -17.950000000000003
    ],
    "Rotation": [
      [
        0.0,
        0.0,
        -1.0
      ],
      [
        1.0,
        0.0,
        0.0
      ],
      [
        0.0,
        -1.0,
        0.0
      ]
    ]
  },
  "Current": {
    "Name": "Current",
    "CG": [
      0.0,
      0.0,
      3.000000567988101
    ],
    "MASS": 0.0201,
    "Translation": [
      20.0,
      -30.0,
      -17.950000000000003
    ],
    "Rotation": [
      [
        -1.0,
        0.0,
        0.0
      ],
      [
        0.0,
        1.0,
        0.0
      ],
      [
        0.0,
        0.0,
        -1.0
      ]
    ]
  },
  "Variometer": {
    "Name": "Variometer",
    "CG": [
      0.0,
      0.0,
      3.000000567988101
    ],
    "MASS": 0.0031,
    "Translation": [
      20.0,
      -11.0,
      -17.950000000000003
    ],
    "Rotation": [
      [
        -1.0,
        0.0,
        0.0
      ],
      [
        0.0,
        1.0,
        0.0
      ],
      [
        0.0,
        0.0,
        -1.0
      ]
    ]
  },
  "Autopilot": {
    "Name": "Autopilot",
    "CG": [
      0.0,
      0.0,
      6.000001938618068
    ],
    "MASS": 0.049,
    "Translation": [
      -50.0,
      0.0,
      -17.950000000000003
    ],
    "Rotation": [
      [
        -1.0,
        0.0,
        0.0
      ],
      [
        0.0,
        1.0,
        0.0
      ],
      [
        0.0,
        0.0,
        -1.0
      ]
    ]
  },
  "RpmTemp": {
    "Name": "RpmTemp",
    "CG": [
      0.0,
      0.0,
      1.0000003375699313
    ],
    "MASS": 0.0067,
    "Translation": [
      20.0,
      33.0,
      -17.950000000000003
    ],
    "Rotation": [
      [
        -1.0,
        0.0,
        0.0
      ],
      [
        0.0,
        1.0,
        0.0
      ],
      [
        0.0,
        0.0,
        -1.0
      ]
    ]
  },
  "mid_tube_r": {
    "Name": "mid_tube_r",
    "CG": [
      0.0,
      0.0,
      70.00000000000001
    ],
    "MASS": 0.007949287752046489,
    "Translation": [
      -2.04241468513352e-15,
      10.16,
      10.16
    ],
    "Rotation": [
      [
        2.6764391209584468e-33,
        -1.0,
        -6.123233995736766e-17
      ],
      [
        -4.3709567898628207e-17,
        -6.123233995736766e-17,
        1.0
      ],
      [
        -1.0,
        0.0,
        -4.3709567898628207e-17
      ]
    ]
  },
  "side_hub_r": {
    "Name": "side_hub_r",
    "CG": [
      5.297554136456226,
      0.0,
      0.0
    ],
    "MASS": 0.019297311395868138,
    "Translation": [
      -1.1503120698865118e-14,
      160.32,
      10.159999999999995
    ],
    "Rotation": [
      [
        -5.8492998742039e-50,
        4.01465868143767e-33,
        1.0
      ],
      [
        -1.0,
        -6.556435184794231e-17,
        5.8492998742039e-50
      ],
      [
        6.556435184794231e-17,
        -1.0,
        4.01465868143767e-33
      ]
    ]
  },
  "rear_rail_r": {
    "Name": "rear_rail_r",
    "CG": [
      0.0,
      0.0,
      110.0
    ],
    "MASS": 0.012491737896073052,
    "Translation": [
      -10.16000000000001,
      160.32,
      10.159999999999995
    ],
    "Rotation": [
      [
        4.370956789862821e-17,
        1.2246467991473532e-16,
        -1.0
      ],
      [
        -6.556435184794231e-17,
        -1.0,
        -1.2246467991473532e-16
      ],
      [
        -1.0,
        6.556435184794231e-17,
        -4.3709567898628207e-17
      ]
    ]
  },
  "rear_hub_r": {
    "Name": "rear_hub_r",
    "CG": [
      5.297554136456226,
      0.0,
      0.0
    ],
    "MASS": 0.019297311395868138,
    "Translation": [
      -240.32000000000002,
      160.31999999999996,
      10.159999999999986
    ],
    "Rotation": [
      [
        4.370956789862822e-17,
        -1.2246467991473532e-16,
        1.0
      ],
      [
        -1.2679669180530997e-16,
        1.0,
        1.2246467991473532e-16
      ],
      [
        -1.0,
        -1.2679669180530997e-16,
        4.3709567898628207e-17
      ]
    ]
  },
  "rudder_tube_r": {
    "Name": "rudder_tube_r",
    "CG": [
      0.0,
      0.0,
      20.5
    ],
    "MASS": 0.002328005698813615,
    "Translation": [
      -240.32000000000002,
      160.31999999999996,
      10.159999999999986
    ],
    "Rotation": [
      [
        -1.0,
        -4.370956789862822e-17,
        -1.2246467991473532e-16
      ],
      [
        -1.2246467991473532e-16,
        1.2679669180530997e-16,
        1.0
      ],
      [
        -4.37095678986282e-17,
        1.0,
        -1.2679669180530997e-16
      ]
    ]
  },
  "right_rudder": {
    "Name": "right_rudder",
    "CG": [
      42.180559721221705,
      0.0,
      69.83699595735902
    ],
    "MASS": 0.010582679103805257,
    "Translation": [
      -215.32000000000002,
      195.37953357488914,
      -79.84000000000002
    ],
    "Rotation": [
      [
        -1.0,
        1.2246467991473532e-16,
        -4.370956789862822e-17
      ],
      [
        -1.2246467991473532e-16,
        -1.0,
        1.2679669180530997e-16
      ],
      [
        -4.37095678986282e-17,
        1.2679669180530997e-16,
        1.0
      ]
    ]
  },
  "vertical_r": {
    "Name": "vertical_r",
    "CG": [
      0.0,
      0.0,
      75.0
    ],
    "MASS": 0.008517094020049808,
    "Translation": [
      -240.32000000000002,
      160.31999999999996,
      -1.4210854715202004e-14
    ],
    "Rotation": [
      [
        -1.2246467991473532e-16,
        1.0,
        1.0494190785599588e-16
      ],
      [
        1.0,
        1.2246467991473532e-16,
        -1.0494190785599585e-16
      ],
      [
        -1.0494190785599587e-16,
        1.0494190785599587e-16,
        -1.0
      ]
    ]
  },
  "rear_right_wing": {
    "Name": "rear_right_wing",
    "CG": [
      75.70514649592775,
      0.0,
      304.35067661721706
    ],
    "MASS": 0.09710232530833046,
    "Translation": [
      -195.32000000000005,
      609.0,
      -100.69283880183566
    ],
    "Rotation": [
      [
        -1.0,
        1.0494190785599588e-16,
        6.123233995736766e-17
      ],
      [
        -6.123233995736766e-17,
        -1.0494190785599585e-16,
        -1.0
      ],
      [
        -1.0494190785599588e-16,
        -1.0,
        1.0494190785599585e-16
      ]
    ]
  },
  "rear_flange_r": {
    "Name": "rear_flange_r",
    "CG": [
      0.0,
      28.307006383895775,
      0.0
    ],
    "MASS": 0.025749747760097526,
    "Translation": [
      -267.4133333333333,
      160.31999999999994,
      -139.84
    ],
    "Rotation": [
      [
        6.123233995736765e-17,
        1.0,
        1.0494190785599588e-16
      ],
      [
        1.0,
        -6.123233995736764e-17,
        -1.0494190785599585e-16
      ],
      [
        -1.0494190785599584e-16,
        1.0494190785599589e-16,
        -1.0
      ]
    ]
  },
  "top_leg_r": {
    "Name": "top_leg_r",
    "CG": [
      0.0,
      0.0,
      75.0762
    ],
    "MASS": 0.00852574738757418,
    "Translation": [
      -245.39999999999998,
      160.31999999999994,
      -139.84
    ],
    "Rotation": [
      [
        -6.123233995736765e-17,
        -1.0494190785599588e-16,
        -1.0
      ],
      [
        -1.0,
        1.0494190785599585e-16,
        6.123233995736764e-17
      ],
      [
        1.0494190785599584e-16,
        1.0,
        -1.0494190785599589e-16
      ]
    ]
  },
  "rear_r_motor": {
    "Name": "rear_r_motor",
    "CG": [
      0.0,
      11.400638311390551,
      0.07149593414990019
    ],
    "MASS": 0.068,
    "Translation": [
      -202.5983333333333,
      160.31999999999994,
      -139.84
    ],
    "Rotation": [
      [
        -6.123233995736765e-17,
        -1.0,
        1.0494190785599588e-16
      ],
      [
        -1.0,
        6.123233995736764e-17,
        -1.0494190785599585e-16
      ],
      [
        1.0494190785599584e-16,
        -1.0494190785599589e-16,
        -1.0
      ]
    ]
  },
  "rear_r_prop": {
    "Name": "rear_r_prop",
    "CG": [
      0.0,
      0.0,
      3.8099999999999996
    ],
    "MASS": 0.017871446,
    "Translation": [
      -194.9783333333333,
      160.31999999999994,
      -139.84
    ],
    "Rotation": [
      [
        1.0494190785599587e-16,
        -6.123233995736766e-17,
        -1.0
      ],
      [
        -2.2740465919309475e-16,
        -1.0,
        6.123233995736764e-17
      ],
      [
        -1.0,
        2.274046591930947e-16,
        -1.0494190785599589e-16
      ]
    ]
  },
  "bottom_leg_r": {
    "Name": "bottom_leg_r",
    "CG": [
      0.0,
      0.0,
      75.0
    ],
    "MASS": 0.008517094020049808,
    "Translation": [
      -250.48000000000002,
      160.31999999999996,
      10.159999999999982
    ],
    "Rotation": [
      [
        -7.875511201610711e-17,
        1.6617424781336353e-16,
        -1.0
      ],
      [
        1.0,
        -1.2679669180530995e-16,
        -7.875511201610714e-17
      ],
      [
        -1.2679669180530997e-16,
        -1.0,
        -1.6617424781336353e-16
      ]
    ]
  },
  "front_rail_r": {
    "Name": "front_rail_r",
    "CG": [
      0.0,
      0.0,
      67.5
    ],
    "MASS": 0.007665384618044828,
    "Translation": [
      10.15999999999999,
      160.32,
      10.159999999999995
    ],
    "Rotation": [
      [
        4.01465868143767e-33,
        5.8492998742039e-50,
        1.0
      ],
      [
        -6.556435184794231e-17,
        1.0,
        5.8492998742039e-50
      ],
      [
        -1.0,
        -6.556435184794231e-17,
        4.01465868143767e-33
      ]
    ]
  },
  "front_hub_r": {
    "Name": "front_hub_r",
    "CG": [
      0.0,
      0.0,
      0.0
    ],
    "MASS": 0.024376292615504943,
    "Translation": [
      155.32,
      160.32,
      10.159999999999993
    ],
    "Rotation": [
      [
        -1.2246467991473532e-16,
        4.370956789862822e-17,
        1.0
      ],
      [
        4.332011890574644e-18,
        -1.0,
        4.370956789862822e-17
      ],
      [
        1.0,
        4.3320118905746495e-18,
        1.2246467991473532e-16
      ]
    ]
  },
  "front_railDwn_r": {
    "Name": "front_railDwn_r",
    "CG": [
      0.0,
      0.0,
      45.0
    ],
    "MASS": 0.0051102564120298856,
    "Translation": [
      155.32,
      160.32,
      20.319999999999993
    ],
    "Rotation": [
      [
        4.370956789862822e-17,
        1.0,
        -6.123233995736766e-17
      ],
      [
        -1.0,
        4.370956789862822e-17,
        2.6186795839888753e-17
      ],
      [
        2.6186795839888756e-17,
        6.123233995736766e-17,
        1.0
      ]
    ]
  },
  "front_hubLower_r": {
    "Name": "front_hubLower_r",
    "CG": [
      -7.527225750998205,
      0.0,
      7.527227728227391
    ],
    "MASS": 0.013872519110923714,
    "Translation": [
      155.32,
      160.32,
      120.47999999999999
    ],
    "Rotation": [
      [
        -2.4492935982947064e-16,
        4.370956789862822e-17,
        1.0
      ],
      [
        4.332011890574634e-18,
        -1.0,
        4.370956789862822e-17
      ],
      [
        1.0,
        4.3320118905746464e-18,
        2.4492935982947064e-16
      ]
    ]
  },
  "front_railLower_r": {
    "Name": "front_railLower_r",
    "CG": [
      0.0,
      0.0,
      45.0
    ],
    "MASS": 0.0051102564120298856,
    "Translation": [
      165.48,
      160.32,
      120.47999999999999
    ],
    "Rotation": [
      [
        4.370956789862822e-17,
        2.4492935982947064e-16,
        1.0
      ],
      [
        -1.0,
        -4.332011890574634e-18,
        4.370956789862822e-17
      ],
      [
        4.332011890574645e-18,
        -1.0,
        2.4492935982947064e-16
      ]
    ]
  },
  "front_flange_r": {
    "Name": "front_flange_r",
    "CG": [
      0.0,
      28.307006383895775,
      0.0
    ],
    "MASS": 0.025749747760097526,
    "Translation": [
      233.46666666666664,
      160.32,
      120.48000000000002
    ],
    "Rotation": [
      [
        -4.370956789862822e-17,
        1.0,
        2.4492935982947064e-16
      ],
      [
        1.0,
        4.370956789862822e-17,
        -4.332011890574634e-18
      ],
      [
        -4.332011890574645e-18,
        2.4492935982947064e-16,
        -1.0
      ]
    ]
  },
  "front_r_motor": {
    "Name": "front_r_motor",
    "CG": [
      0.0,
      11.400638311390551,
      0.07149593414990019
    ],
    "MASS": 0.068,
    "Translation": [
      298.28166666666664,
      160.32,
      120.48000000000003
    ],
    "Rotation": [
      [
        4.370956789862822e-17,
        -1.0,
        2.4492935982947064e-16
      ],
      [
        -1.0,
        -4.370956789862822e-17,
        -4.332011890574634e-18
      ],
      [
        4.332011890574645e-18,
        -2.4492935982947064e-16,
        -1.0
      ]
    ]
  },
  "front_r_prop": {
    "Name": "front_r_prop",
    "CG": [
      0.0,
      0.0,
      3.8099999999999996
    ],
    "MASS": 0.017871446,
    "Translation": [
      305.90166666666664,
      160.32,
      120.48000000000003
    ],
    "Rotation": [
      [
        2.4492935982947064e-16,
        4.370956789862819e-17,
        -1.0
      ],
      [
        -1.267947632276735e-16,
        -1.0,
        -4.370956789862822e-17
      ],
      [
        -1.0,
        1.2679476322767352e-16,
        -2.4492935982947064e-16
      ]
    ]
  },
  "front_wing_tube_r": {
    "Name": "front_wing_tube_r",
    "CG": [
      0.0,
      0.0,
      26.000000000000004
    ],
    "MASS": 0.002952592593617267,
    "Translation": [
      260.56,
      160.32,
      110.32000000000002
    ],
    "Rotation": [
      [
        1.0,
        -4.370956789862822e-17,
        -2.4492935982947064e-16
      ],
      [
        4.370956789862822e-17,
        1.0,
        4.332011890574634e-18
      ],
      [
        2.4492935982947064e-16,
        -4.332011890574645e-18,
        1.0
      ]
    ]
  },
  "front_right_wing": {
    "Name": "front_right_wing",
    "CG": [
      63.122029117644146,
      0.0,
      224.89121576806167
    ],
    "MASS": 0.05681661540386577,
    "Translation": [
      298.06000000000006,
      450.0,
      153.40930605185173
    ],
    "Rotation": [
      [
        -1.0,
        2.4492935982947064e-16,
        -7.87551120161071e-17
      ],
      [
        7.87551120161071e-17,
        -4.332011890574634e-18,
        -1.0
      ],
      [
        -2.4492935982947064e-16,
        -1.0,
        4.332011890574615e-18
      ]
    ]
  },
  "Orient": {
    "Name": "Orient",
    "CG": [
      0.0,
      0.0,
      0.0
    ],
    "MASS": 1e-07,
    "Translation": [
      0.0,
      0.0,
      0.0
    ],
    "Rotation": [
      [
        1.0,
        0.0,
        0.0
      ],
      [
        0.0,
        1.0,
        0.0
      ],
      [
        0.0,
        0.0,
        1.0
      ]
    ]
  }
}