{
  "main_hub": {
    "Name": "main_hub",
    "CG": [
      0.0,
      0.0,
      0.0
    ],
    "MASS": 0.013261271532187481,
    "Translation": [
      0.0,
      0.0,
      7.246091370558376
    ],
    "Rotation": [
      [
        -1.0,
        0.0,
        -6.123233995736766e-17
      ],
      [
        6.123233995736766e-17,
        0.0,
        -1.0
      ],
      [
        0.0,
        -1.0,
        0.0
      ]
    ]
  },
  "wing_tube_l": {
    "Name": "wing_tube_l",
    "CG": [
      0.0,
      0.0,
      325.00000000000006
    ],
    "MASS": 0.022839176926226657,
    "Translation": [
      -6.221205739668554e-16,
      -10.16,
      7.246091370558376
    ],
    "Rotation": [
      [
        0.0,
        1.0,
        -6.123233995736766e-17
      ],
      [
        0.0,
        -6.123233995736766e-17,
        -1.0
      ],
      [
        -1.0,
        0.0,
        0.0
      ]
    ]
  },
  "wing_l": {
    "Name": "wing_l",
    "CG": [
      42.91318647748871,
      0.0,
      300.00000000000006
    ],
    "MASS": 0.04561758795767608,
    "Translation": [
      25.0,
      -60.15999999999997,
      7.246091370558217
    ],
    "Rotation": [
      [
        -1.0,
        6.123233995736765e-17,
        -6.295800779131298e-17
      ],
      [
        6.295800779131296e-17,
        -2.672135378057132e-16,
        -1.0
      ],
      [
        -6.123233995736766e-17,
        -1.0,
        2.672135378057132e-16
      ]
    ]
  },
  "forward_tube": {
    "Name": "forward_tube",
    "CG": [
      0.0,
      0.0,
      100.0
    ],
    "MASS": 0.007027439054223586,
    "Translation": [
      10.16,
      2.486503894983583e-15,
      7.246091370558376
    ],
    "Rotation": [
      [
        3.830420318518576e-17,
        -1.224646799147353e-16,
        1.0
      ],
      [
        4.6909119824627576e-33,
        1.0,
        1.224646799147353e-16
      ],
      [
        -1.0,
        0.0,
        3.830420318518576e-17
      ]
    ]
  },
  "forward_hub": {
    "Name": "forward_hub",
    "CG": [
      5.296883213900675,
      0.0,
      0.0
    ],
    "MASS": 0.010314189513896743,
    "Translation": [
      220.32,
      2.804564966174756e-14,
      7.246091370558385
    ],
    "Rotation": [
      [
        -1.0,
        6.12867250962972e-17,
        6.123233995736764e-17
      ],
      [
        -6.123233995736764e-17,
        7.505459171940411e-33,
        -1.0
      ],
      [
        -6.12867250962972e-17,
        -1.0,
        -3.7527295859702064e-33
      ]
    ]
  },
  "front_horiz_tube_r": {
    "Name": "front_horiz_tube_r",
    "CG": [
      0.0,
      0.0,
      100.0
    ],
    "MASS": 0.007027439054223586,
    "Translation": [
      220.32,
      10.160000000000029,
      7.246091370558385
    ],
    "Rotation": [
      [
        6.128672509629719e-17,
        -1.0,
        -1.8369701987210297e-16
      ],
      [
        6.12867250962972e-17,
        -1.8369701987210297e-16,
        1.0
      ],
      [
        -1.0,
        -6.12867250962972e-17,
        6.128672509629719e-17
      ]
    ]
  },
  "front_hub_r": {
    "Name": "front_hub_r",
    "CG": [
      5.296883213900675,
      0.0,
      0.0
    ],
    "MASS": 0.010314189513896743,
    "Translation": [
      220.31999999999996,
      220.32000000000002,
      7.246091370558398
    ],
    "Rotation": [
      [
        2.0667954178321443e-16,
        1.0,
        -5.438513892951835e-20
      ],
      [
        -1.0,
        2.0667954178321443e-16,
        -1.2251906505366486e-16
      ],
      [
        -1.2251906505366486e-16,
        5.438513892954367e-20,
        1.0
      ]
    ]
  },
  "front_vert_upper_tube_r": {
    "Name": "front_vert_upper_tube_r",
    "CG": [
      0.0,
      0.0,
      100.0
    ],
    "MASS": 0.007027439054223586,
    "Translation": [
      220.31999999999996,
      220.32000000000002,
      -2.913908629441602
    ],
    "Rotation": [
      [
        1.0,
        2.0667954178321443e-16,
        -6.123233995736766e-17
      ],
      [
        2.0667954178321443e-16,
        -1.0,
        5.438513892951868e-20
      ],
      [
        -6.123233995736766e-17,
        -5.438513892954333e-20,
        -1.0
      ]
    ]
  },
  "front_flange_upper_r": {
    "Name": "front_flange_upper_r",
    "CG": [
      0.0,
      22.58440607489735,
      0.0
    ],
    "MASS": 0.01236318950006791,
    "Translation": [
      199.99999999999997,
      220.32000000000002,
      -195.2939086294416
    ],
    "Rotation": [
      [
        -2.0667954178321443e-16,
        1.0,
        -6.123233995736766e-17
      ],
      [
        1.0,
        2.0667954178321443e-16,
        5.438513892951868e-20
      ],
      [
        5.438513892954333e-20,
        -6.123233995736766e-17,
        -1.0
      ]
    ]
  },
  "front_upper_r_motor": {
    "Name": "front_upper_r_motor",
    "CG": [
      0.0,
      11.400638311390551,
      0.07149593414990019
    ],
    "MASS": 0.068,
    "Translation": [
      254.65499999999997,
      220.32000000000002,
      -195.2939086294416
    ],
    "Rotation": [
      [
        2.0667954178321443e-16,
        -1.0,
        -6.123233995736766e-17
      ],
      [
        -1.0,
        -2.0667954178321443e-16,
        5.438513892951868e-20
      ],
      [
        -5.438513892953133e-20,
        6.123233995736766e-17,
        -1.0
      ]
    ]
  },
  "front_upper_r_prop": {
    "Name": "front_upper_r_prop",
    "CG": [
      0.0,
      0.0,
      3.8099999999999996
    ],
    "MASS": 0.017871446,
    "Translation": [
      262.275,
      220.32000000000002,
      -195.2939086294416
    ],
    "Rotation": [
      [
        -6.123233995736764e-17,
        2.0667954178321443e-16,
        -1.0
      ],
      [
        -1.2240836619816935e-16,
        -1.0,
        -2.0667954178321443e-16
      ],
      [
        -1.0,
        1.2240836619816932e-16,
        6.123233995736766e-17
      ]
    ]
  },
  "front_vert_lower_tube_r": {
    "Name": "front_vert_lower_tube_r",
    "CG": [
      0.0,
      0.0,
      100.0
    ],
    "MASS": 0.007027439054223586,
    "Translation": [
      220.31999999999996,
      220.32000000000002,
      17.4060913705584
    ],
    "Rotation": [
      [
        1.0,
        -2.0667954178321443e-16,
        -5.438513892951835e-20
      ],
      [
        2.0667954178321443e-16,
        1.0,
        -1.2251906505366486e-16
      ],
      [
        5.438513892954368e-20,
        1.2251906505366486e-16,
        1.0
      ]
    ]
  },
  "front_flange_lower_r": {
    "Name": "front_flange_lower_r",
    "CG": [
      0.0,
      22.58440607489735,
      0.0
    ],
    "MASS": 0.01236318950006791,
    "Translation": [
      199.99999999999997,
      220.32,
      209.78609137055838
    ],
    "Rotation": [
      [
        2.0667954178321443e-16,
        1.0,
        -5.438513892951835e-20
      ],
      [
        -1.0,
        2.0667954178321443e-16,
        -1.2251906505366486e-16
      ],
      [
        -1.2251906505366486e-16,
        5.438513892954368e-20,
        1.0
      ]
    ]
  },
  "front_lower_r_motor": {
    "Name": "front_lower_r_motor",
    "CG": [
      0.0,
      11.400638311390551,
      0.07149593414990019
    ],
    "MASS": 0.068,
    "Translation": [
      254.65499999999997,
      220.32,
      209.78609137055838
    ],
    "Rotation": [
      [
        -2.0667954178321443e-16,
        -1.0,
        -5.438513892951835e-20
      ],
      [
        1.0,
        -2.0667954178321443e-16,
        -1.2251906505366486e-16
      ],
      [
        1.2251906505366486e-16,
        -5.438513892954368e-20,
        1.0
      ]
    ]
  },
  "front_lower_r_prop": {
    "Name": "front_lower_r_prop",
    "CG": [
      0.0,
      0.0,
      3.8099999999999996
    ],
    "MASS": 0.017871446,
    "Translation": [
      262.275,
      220.32,
      209.78609137055838
    ],
    "Rotation": [
      [
        -5.438513892954367e-20,
        -2.0667954178321443e-16,
        -1.0
      ],
      [
        -5.631371656599721e-20,
        1.0,
        -2.0667954178321443e-16
      ],
      [
        1.0,
        5.631371656599721e-20,
        -5.438513892954368e-20
      ]
    ]
  },
  "front_horiz_tube_l": {
    "Name": "front_horiz_tube_l",
    "CG": [
      0.0,
      0.0,
      100.0
    ],
    "MASS": 0.007027439054223586,
    "Translation": [
      220.32,
      -10.159999999999972,
      7.246091370558385
    ],
    "Rotation": [
      [
        6.12867250962972e-17,
        1.0,
        6.123233995736764e-17
      ],
      [
        7.505459171940411e-33,
        6.123233995736764e-17,
        -1.0
      ],
      [
        -1.0,
        6.12867250962972e-17,
        -3.7527295859702064e-33
      ]
    ]
  },
  "front_hub_l": {
    "Name": "front_hub_l",
    "CG": [
      5.296883213900675,
      0.0,
      0.0
    ],
    "MASS": 0.010314189513896743,
    "Translation": [
      220.32,
      -220.31999999999996,
      7.246091370558385
    ],
    "Rotation": [
      [
        -8.421486186847907e-17,
        -1.0,
        -1.2251906505366486e-16
      ],
      [
        1.0,
        -8.421486186847908e-17,
        6.123233995736765e-17
      ],
      [
        -6.123233995736766e-17,
        -1.2251906505366486e-16,
        1.0
      ]
    ]
  },
  "front_vert_upper_tube_l": {
    "Name": "front_vert_upper_tube_l",
    "CG": [
      0.0,
      0.0,
      100.0
    ],
    "MASS": 0.007027439054223586,
    "Translation": [
      220.32,
      -220.31999999999996,
      -2.9139086294416154
    ],
    "Rotation": [
      [
        -1.0,
        -8.421486186847908e-17,
        1.8380579014996206e-16
      ],
      [
        -8.421486186847907e-17,
        1.0,
        6.123233995736767e-17
      ],
      [
        -1.8380579014996206e-16,
        6.123233995736766e-17,
        -1.0
      ]
    ]
  },
  "front_flange_upper_l": {
    "Name": "front_flange_upper_l",
    "CG": [
      0.0,
      22.58440607489735,
      0.0
    ],
    "MASS": 0.01236318950006791,
    "Translation": [
      200.00000000000003,
      -220.31999999999996,
      -195.2939086294416
    ],
    "Rotation": [
      [
        3.824981804625624e-17,
        1.0,
        1.8380579014996206e-16
      ],
      [
        1.0,
        -3.824981804625625e-17,
        6.123233995736767e-17
      ],
      [
        6.123233995736769e-17,
        1.8380579014996206e-16,
        -1.0
      ]
    ]
  },
  "front_upper_l_motor": {
    "Name": "front_upper_l_motor",
    "CG": [
      0.0,
      11.400638311390551,
      0.07149593414990019
    ],
    "MASS": 0.068,
    "Translation": [
      254.65500000000003,
      -220.31999999999996,
      -195.2939086294416
    ],
    "Rotation": [
      [
        -3.824981804625624e-17,
        -1.0,
        1.8380579014996206e-16
      ],
      [
        -1.0,
        3.824981804625625e-17,
        6.123233995736767e-17
      ],
      [
        -6.123233995736769e-17,
        -1.8380579014996206e-16,
        -1.0
      ]
    ]
  },
  "front_upper_l_prop": {
    "Name": "front_upper_l_prop",
    "CG": [
      0.0,
      0.0,
      3.8099999999999996
    ],
    "MASS": 0.017871446,
    "Translation": [
      262.27500000000003,
      -220.31999999999996,
      -195.2939086294416
    ],
    "Rotation": [
      [
        1.8380579014996206e-16,
        -3.824981804625626e-17,
        -1.0
      ],
      [
        -6.12304113797312e-17,
        -1.0,
        3.824981804625625e-17
      ],
      [
        -1.0,
        6.123041137973118e-17,
        -1.8380579014996206e-16
      ]
    ]
  },
  "front_vert_lower_tube_l": {
    "Name": "front_vert_lower_tube_l",
    "CG": [
      0.0,
      0.0,
      100.0
    ],
    "MASS": 0.007027439054223586,
    "Translation": [
      220.32,
      -220.31999999999996,
      17.406091370558386
    ],
    "Rotation": [
      [
        -1.0,
        8.421486186847907e-17,
        -1.2251906505366486e-16
      ],
      [
        -8.421486186847908e-17,
        -1.0,
        6.123233995736765e-17
      ],
      [
        -1.2251906505366486e-16,
        6.123233995736766e-17,
        1.0
      ]
    ]
  },
  "front_flange_lower_l": {
    "Name": "front_flange_lower_l",
    "CG": [
      0.0,
      22.58440607489735,
      0.0
    ],
    "MASS": 0.01236318950006791,
    "Translation": [
      199.99999999999997,
      -220.31999999999996,
      209.78609137055838
    ],
    "Rotation": [
      [
        2.0667954178321438e-16,
        1.0,
        -1.2251906505366486e-16
      ],
      [
        -1.0,
        2.0667954178321438e-16,
        6.123233995736765e-17
      ],
      [
        6.123233995736767e-17,
        1.2251906505366484e-16,
        1.0
      ]
    ]
  },
  "front_lower_l_motor": {
    "Name": "front_lower_l_motor",
    "CG": [
      0.0,
      11.400638311390551,
      0.07149593414990019
    ],
    "MASS": 0.068,
    "Translation": [
      254.65499999999997,
      -220.31999999999996,
      209.78609137055838
    ],
    "Rotation": [
      [
        -2.0667954178321438e-16,
        -1.0,
        -1.2251906505366486e-16
      ],
      [
        1.0,
        -2.0667954178321438e-16,
        6.123233995736765e-17
      ],
      [
        -6.123233995736767e-17,
        -1.2251906505366484e-16,
        1.0
      ]
    ]
  },
  "front_lower_l_prop": {
    "Name": "front_lower_l_prop",
    "CG": [
      0.0,
      0.0,
      3.8099999999999996
    ],
    "MASS": 0.017871446,
    "Translation": [
      262.275,
      -220.31999999999996,
      209.78609137055838
    ],
    "Rotation": [
      [
        -1.225190650536649e-16,
        -2.0667954178321435e-16,
        -1.0
      ],
      [
        1.8369509129446651e-16,
        1.0,
        -2.0667954178321438e-16
      ],
      [
        1.0,
        -1.8369509129446654e-16,
        -1.2251906505366484e-16
      ]
    ]
  },
  "cargo_case": {
    "Name": "cargo_case",
    "CG": [
      0.0,
      0.0,
      63.49142271053087
    ],
    "MASS": 0.10000000000000003,
    "Translation": [
      0.0,
      0.0,
      169.49218274111675
    ],
    "Rotation": [
      [
        -6.123233995736766e-17,
        -1.0,
        0.0
      ],
      [
        -1.0,
        6.123233995736766e-17,
        0.0
      ],
      [
        0.0,
        0.0,
        -1.0
      ]
    ]
  },
  "cargo": {
    "Name": "cargo",
    "CG": [
      0.0,
      0.0,
      56.250003082211144
    ],
    "MASS": 0.5,
    "Translation": [
      0.0,
      0.0,
      53.99218274111675
    ],
    "Rotation": [
      [
        6.123233995736766e-17,
        -1.0,
        0.0
      ],
      [
        1.0,
        6.123233995736766e-17,
        0.0
      ],
      [
        0.0,
        0.0,
        1.0
      ]
    ]
  },
  "wing_tube_r": {
    "Name": "wing_tube_r",
    "CG": [
      0.0,
      0.0,
      325.00000000000006
    ],
    "MASS": 0.022839176926226657,
    "Translation": [
      -1.154236265433395e-15,
      10.16,
      7.246091370558376
    ],
    "Rotation": [
      [
        -3.7527295859702064e-33,
        -1.0,
        -6.123233995736766e-17
      ],
      [
        6.12867250962972e-17,
        -6.123233995736766e-17,
        1.0
      ],
      [
        -1.0,
        0.0,
        6.12867250962972e-17
      ]
    ]
  },
  "wing_r": {
    "Name": "wing_r",
    "CG": [
      42.91318647748871,
      0.0,
      300.00000000000006
    ],
    "MASS": 0.04561758795767608,
    "Translation": [
      24.999999999999996,
      60.15999999999997,
      7.246091370558535
    ],
    "Rotation": [
      [
        -1.0,
        1.8369701987210294e-16,
        -6.295800779131301e-17
      ],
      [
        -6.295800779131298e-17,
        2.05926812709416e-16,
        1.0
      ],
      [
        1.8369701987210297e-16,
        1.0,
        -2.05926812709416e-16
      ]
    ]
  },
  "fuselage": {
    "Name": "fuselage",
    "CG": [
      0.0,
      0.0,
      6.258849690514032
    ],
    "MASS": 1.0672195489068652,
    "Translation": [
      0.0,
      0.0,
      -60.5
    ],
    "Rotation": [
      [
        1.0,
        0.0,
        0.0
      ],
      [
        0.0,
        1.0,
        0.0
      ],
      [
        0.0,
        0.0,
        1.0
      ]
    ]
  },
  "RpmTemp": {
    "Name": "RpmTemp",
    "CG": [
      0.0,
      0.0,
      1.0000003375699313
    ],
    "MASS": 0.0067,
    "Translation": [
      -160.0,
      13.0,
      -18.0
    ],
    "Rotation": [
      [
        -6.123233995736766e-17,
        1.0,
        0.0
      ],
      [
        1.0,
        6.123233995736766e-17,
        0.0
      ],
      [
        0.0,
        0.0,
        -1.0
      ]
    ]
  },
  "Voltage": {
    "Name": "Voltage",
    "CG": [
      0.0,
      0.0,
      3.000000519311542
    ],
    "MASS": 0.006,
    "Translation": [
      155.0,
      18.0,
      -18.0
    ],
    "Rotation": [
      [
        -6.123233995736766e-17,
        1.0,
        0.0
      ],
      [
        1.0,
        6.123233995736766e-17,
        0.0
      ],
      [
        0.0,
        0.0,
        -1.0
      ]
    ]
  },
  "Current": {
    "Name": "Current",
    "CG": [
      0.0,
      0.0,
      3.000000567988101
    ],
    "MASS": 0.0201,
    "Translation": [
      -160.0,
      -18.0,
      -18.0
    ],
    "Rotation": [
      [
        -6.123233995736766e-17,
        1.0,
        0.0
      ],
      [
        1.0,
        6.123233995736766e-17,
        0.0
      ],
      [
        0.0,
        0.0,
        -1.0
      ]
    ]
  },
  "Variometer": {
    "Name": "Variometer",
    "CG": [
      0.0,
      0.0,
      3.000000567988101
    ],
    "MASS": 0.0031,
    "Translation": [
      155.0,
      -18.0,
      -18.0
    ],
    "Rotation": [
      [
        -6.123233995736766e-17,
        1.0,
        0.0
      ],
      [
        1.0,
        6.123233995736766e-17,
        0.0
      ],
      [
        0.0,
        0.0,
        -1.0
      ]
    ]
  },
  "Autopilot": {
    "Name": "Autopilot",
    "CG": [
      0.0,
      0.0,
      6.000001938618068
    ],
    "MASS": 0.049,
    "Translation": [
      115.0,
      0.0,
      -18.0
    ],
    "Rotation": [
      [
        -6.123233995736766e-17,
        1.0,
        0.0
      ],
      [
        1.0,
        6.123233995736766e-17,
        0.0
      ],
      [
        0.0,
        0.0,
        -1.0
      ]
    ]
  },
  "Battery_1": {
    "Name": "Battery_1",
    "CG": [
      0.0,
      34.49741170904432,
      0.007677556619129611
    ],
    "MASS": 1.14,
    "Translation": [
      0.0,
      30.0,
      -18.0
    ],
    "Rotation": [
      [
        0.0,
        0.0,
        -1.0
      ],
      [
        1.0,
        0.0,
        0.0
      ],
      [
        0.0,
        -1.0,
        0.0
      ]
    ]
  },
  "GPS": {
    "Name": "GPS",
    "CG": [
      0.0,
      0.0,
      7.9000014227143245
    ],
    "MASS": 0.033,
    "Translation": [
      -120.0,
      0.0,
      -18.0
    ],
    "Rotation": [
      [
        -1.0,
        0.0,
        0.0
      ],
      [
        0.0,
        1.0,
        0.0
      ],
      [
        0.0,
        0.0,
        -1.0
      ]
    ]
  },
  "Battery_2": {
    "Name": "Battery_2",
    "CG": [
      0.0,
      34.49741170904432,
      0.007677556619129611
    ],
    "MASS": 1.14,
    "Translation": [
      0.0,
      -30.0,
      -18.0
    ],
    "Rotation": [
      [
        0.0,
        0.0,
        -1.0
      ],
      [
        1.0,
        0.0,
        0.0
      ],
      [
        0.0,
        -1.0,
        0.0
      ]
    ]
  },
  "Orient": {
    "Name": "Orient",
    "CG": [
      0.0,
      0.0,
      0.0
    ],
    "MASS": 1e-07,
    "Translation": [
      0.0,
      0.0,
      0.0
    ],
    "Rotation": [
      [
        1.0,
        0.0,
        0.0
      ],
      [
        0.0,
        1.0,
        0.0
      ],
      [
        0.0,
        0.0,
        1.0
      ]
    ]
  }
}