{
  "central_hub": {
    "Name": "central_hub",
    "CG": [
      0.0,
      0.0,
      0.0
    ],
    "MASS": 0.024376292615504943,
    "Translation": [
      0.0,
      0.0,
      10.159999999999997
    ],
    "Rotation": [
      [
        -0.7071067811865475,
        0.0,
        -0.7071067811865475
      ],
      [
        0.7071067811865475,
        0.0,
        -0.7071067811865475
      ],
      [
        0.0,
        -0.9999999999999998,
        0.0
      ]
    ]
  },
  "arm_4": {
    "Name": "arm_4",
    "CG": [
      0.0,
      0.0,
      110.0
    ],
    "MASS": 0.012491737896073052,
    "Translation": [
      7.1842048968553245,
      -7.184204896855321,
      10.159999999999997
    ],
    "Rotation": [
      [
        1.5453665931926925e-17,
        0.7071067811865474,
        0.7071067811865476
      ],
      [
        -1.545366593192692e-17,
        0.7071067811865476,
        -0.7071067811865474
      ],
      [
        -0.9999999999999999,
        0.0,
        2.185478394931411e-17
      ]
    ]
  },
  "flange_4": {
    "Name": "flange_4",
    "CG": [
      0.0,
      28.307006383895775,
      0.0
    ],
    "MASS": 0.025749747760097526,
    "Translation": [
      155.56349186104046,
      -155.5634918610404,
      37.25333333333333
    ],
    "Rotation": [
      [
        -0.7071067811865474,
        1.5453665931926925e-17,
        0.7071067811865476
      ],
      [
        -0.7071067811865476,
        -1.545366593192692e-17,
        -0.7071067811865474
      ],
      [
        0.0,
        -0.9999999999999999,
        2.185478394931411e-17
      ]
    ]
  },
  "motor_4": {
    "Name": "motor_4",
    "CG": [
      0.0,
      15.098649299482684,
      0.08114728627214962
    ],
    "MASS": 0.075,
    "Translation": [
      155.56349186104046,
      -155.5634918610404,
      -35.06166666666666
    ],
    "Rotation": [
      [
        0.7071067811865474,
        -1.5453665931926928e-17,
        0.7071067811865476
      ],
      [
        0.7071067811865476,
        1.5453665931926922e-17,
        -0.7071067811865474
      ],
      [
        1.5407439555097887e-33,
        1.0,
        2.185478394931411e-17
      ]
    ]
  },
  "prop_4": {
    "Name": "prop_4",
    "CG": [
      0.0,
      0.0,
      4.19
    ],
    "MASS": 0.007980000000000001,
    "Translation": [
      155.56349186104046,
      -155.5634918610404,
      -43.44166666666666
    ],
    "Rotation": [
      [
        0.7071067811865478,
        0.7071067811865474,
        -1.545366593192693e-17
      ],
      [
        -0.7071067811865474,
        0.7071067811865478,
        1.5453665931926925e-17
      ],
      [
        2.1854783949314116e-17,
        -1.1356530168010847e-33,
        1.0000000000000002
      ]
    ]
  },
  "leg_4": {
    "Name": "leg_4",
    "CG": [
      0.0,
      0.0,
      20.000000000000004
    ],
    "MASS": 0.0022712250720132825,
    "Translation": [
      155.56349186104046,
      -155.5634918610404,
      15.239999999999998
    ],
    "Rotation": [
      [
        0.7071067811865474,
        -0.7071067811865476,
        -1.5453665931926928e-17
      ],
      [
        0.7071067811865476,
        0.7071067811865474,
        1.5453665931926922e-17
      ],
      [
        1.5407439555097887e-33,
        -2.185478394931411e-17,
        1.0
      ]
    ]
  },
  "arm_3": {
    "Name": "arm_3",
    "CG": [
      0.0,
      0.0,
      110.0
    ],
    "MASS": 0.012491737896073052,
    "Translation": [
      -7.184204896855323,
      -7.184204896855323,
      10.159999999999997
    ],
    "Rotation": [
      [
        0.0,
        0.7071067811865475,
        -0.7071067811865475
      ],
      [
        0.0,
        -0.7071067811865475,
        -0.7071067811865475
      ],
      [
        -0.9999999999999998,
        0.0,
        0.0
      ]
    ]
  },
  "flange_3": {
    "Name": "flange_3",
    "CG": [
      0.0,
      28.307006383895775,
      0.0
    ],
    "MASS": 0.025749747760097526,
    "Translation": [
      -155.56349186104043,
      -155.56349186104043,
      37.25333333333332
    ],
    "Rotation": [
      [
        -0.7071067811865475,
        0.0,
        -0.7071067811865475
      ],
      [
        0.7071067811865475,
        0.0,
        -0.7071067811865475
      ],
      [
        0.0,
        -0.9999999999999998,
        0.0
      ]
    ]
  },
  "motor_3": {
    "Name": "motor_3",
    "CG": [
      0.0,
      15.098649299482684,
      0.08114728627214962
    ],
    "MASS": 0.075,
    "Translation": [
      -155.56349186104043,
      -155.56349186104043,
      -35.06166666666667
    ],
    "Rotation": [
      [
        0.7071067811865475,
        0.0,
        -0.7071067811865475
      ],
      [
        -0.7071067811865475,
        0.0,
        -0.7071067811865475
      ],
      [
        0.0,
        1.0,
        0.0
      ]
    ]
  },
  "prop_3": {
    "Name": "prop_3",
    "CG": [
      0.0,
      0.0,
      4.19
    ],
    "MASS": 0.007980000000000001,
    "Translation": [
      -155.56349186104043,
      -155.56349186104043,
      -43.44166666666667
    ],
    "Rotation": [
      [
        -0.7071067811865474,
        0.7071067811865476,
        0.0
      ],
      [
        -0.7071067811865476,
        -0.7071067811865474,
        0.0
      ],
      [
        0.0,
        0.0,
        1.0
      ]
    ]
  },
  "leg_3": {
    "Name": "leg_3",
    "CG": [
      0.0,
      0.0,
      20.000000000000004
    ],
    "MASS": 0.0022712250720132825,
    "Translation": [
      -155.56349186104043,
      -155.56349186104043,
      15.239999999999991
    ],
    "Rotation": [
      [
        0.7071067811865475,
        0.7071067811865475,
        0.0
      ],
      [
        -0.7071067811865475,
        0.7071067811865475,
        0.0
      ],
      [
        0.0,
        0.0,
        1.0
      ]
    ]
  },
  "arm_1": {
    "Name": "arm_1",
    "CG": [
      0.0,
      0.0,
      110.0
    ],
    "MASS": 0.012491737896073052,
    "Translation": [
      7.184204896855321,
      7.1842048968553245,
      10.159999999999997
    ],
    "Rotation": [
      [
        3.090733186385383e-17,
        -0.7071067811865476,
        0.7071067811865474
      ],
      [
        3.090733186385384e-17,
        0.7071067811865474,
        0.7071067811865476
      ],
      [
        -0.9999999999999999,
        0.0,
        4.3709567898628207e-17
      ]
    ]
  },
  "flange_1": {
    "Name": "flange_1",
    "CG": [
      0.0,
      28.307006383895775,
      0.0
    ],
    "MASS": 0.025749747760097526,
    "Translation": [
      155.5634918610404,
      155.56349186104046,
      37.25333333333334
    ],
    "Rotation": [
      [
        0.7071067811865476,
        3.090733186385383e-17,
        0.7071067811865474
      ],
      [
        -0.7071067811865474,
        3.090733186385384e-17,
        0.7071067811865476
      ],
      [
        0.0,
        -0.9999999999999999,
        4.3709567898628207e-17
      ]
    ]
  },
  "leg_1": {
    "Name": "leg_1",
    "CG": [
      0.0,
      0.0,
      20.000000000000004
    ],
    "MASS": 0.0022712250720132825,
    "Translation": [
      155.5634918610404,
      155.56349186104046,
      15.240000000000006
    ],
    "Rotation": [
      [
        -0.7071067811865476,
        -0.7071067811865474,
        -3.090733186385384e-17
      ],
      [
        0.7071067811865474,
        -0.7071067811865476,
        -3.0907331863853845e-17
      ],
      [
        -3.0814879110195774e-33,
        -4.3709567898628207e-17,
        1.0
      ]
    ]
  },
  "motor_1": {
    "Name": "motor_1",
    "CG": [
      0.0,
      15.098649299482684,
      0.08114728627214962
    ],
    "MASS": 0.075,
    "Translation": [
      155.5634918610404,
      155.56349186104046,
      -35.06166666666665
    ],
    "Rotation": [
      [
        -0.7071067811865476,
        -3.090733186385384e-17,
        0.7071067811865474
      ],
      [
        0.7071067811865474,
        -3.0907331863853845e-17,
        0.7071067811865476
      ],
      [
        -3.0814879110195774e-33,
        1.0,
        4.3709567898628207e-17
      ]
    ]
  },
  "prop_1": {
    "Name": "prop_1",
    "CG": [
      0.0,
      0.0,
      4.19
    ],
    "MASS": 0.007980000000000001,
    "Translation": [
      155.5634918610404,
      155.56349186104046,
      -43.441666666666656
    ],
    "Rotation": [
      [
        0.7071067811865474,
        -0.7071067811865478,
        -3.0907331863853845e-17
      ],
      [
        0.7071067811865478,
        0.7071067811865474,
        -3.090733186385385e-17
      ],
      [
        4.370956789862822e-17,
        -8.434281855641325e-33,
        1.0000000000000002
      ]
    ]
  },
  "arm_2": {
    "Name": "arm_2",
    "CG": [
      0.0,
      0.0,
      110.0
    ],
    "MASS": 0.012491737896073052,
    "Translation": [
      -7.184204896855323,
      7.184204896855323,
      10.159999999999997
    ],
    "Rotation": [
      [
        -1.5453665931926916e-17,
        -0.7071067811865475,
        -0.7071067811865475
      ],
      [
        1.5453665931926916e-17,
        -0.7071067811865475,
        0.7071067811865475
      ],
      [
        -0.9999999999999998,
        0.0,
        2.18547839493141e-17
      ]
    ]
  },
  "flange_2": {
    "Name": "flange_2",
    "CG": [
      0.0,
      28.307006383895775,
      0.0
    ],
    "MASS": 0.025749747760097526,
    "Translation": [
      -155.56349186104043,
      155.56349186104043,
      37.25333333333333
    ],
    "Rotation": [
      [
        0.7071067811865475,
        -1.5453665931926916e-17,
        -0.7071067811865475
      ],
      [
        0.7071067811865475,
        1.5453665931926916e-17,
        0.7071067811865475
      ],
      [
        0.0,
        -0.9999999999999998,
        2.18547839493141e-17
      ]
    ]
  },
  "leg_2": {
    "Name": "leg_2",
    "CG": [
      0.0,
      0.0,
      20.000000000000004
    ],
    "MASS": 0.0022712250720132825,
    "Translation": [
      -155.56349186104043,
      155.56349186104043,
      15.239999999999998
    ],
    "Rotation": [
      [
        -0.7071067811865475,
        0.7071067811865475,
        1.545366593192692e-17
      ],
      [
        -0.7071067811865475,
        -0.7071067811865475,
        -1.545366593192692e-17
      ],
      [
        0.0,
        -2.18547839493141e-17,
        1.0
      ]
    ]
  },
  "motor_2": {
    "Name": "motor_2",
    "CG": [
      0.0,
      15.098649299482684,
      0.08114728627214962
    ],
    "MASS": 0.075,
    "Translation": [
      -155.56349186104043,
      155.56349186104043,
      -35.06166666666666
    ],
    "Rotation": [
      [
        -0.7071067811865475,
        1.545366593192692e-17,
        -0.7071067811865475
      ],
      [
        -0.7071067811865475,
        -1.545366593192692e-17,
        0.7071067811865475
      ],
      [
        0.0,
        1.0,
        2.18547839493141e-17
      ]
    ]
  },
  "prop_2": {
    "Name": "prop_2",
    "CG": [
      0.0,
      0.0,
      4.19
    ],
    "MASS": 0.007980000000000001,
    "Translation": [
      -155.56349186104043,
      155.56349186104043,
      -43.44166666666666
    ],
    "Rotation": [
      [
        -0.7071067811865476,
        -0.7071067811865474,
        1.545366593192692e-17
      ],
      [
        0.7071067811865474,
        -0.7071067811865476,
        -1.545366593192692e-17
      ],
      [
        2.1854783949314103e-17,
        -2.6763969723108726e-33,
        1.0
      ]
    ]
  },
  "capsule_fuselage": {
    "Name": "capsule_fuselage",
    "CG": [
      -50.00000000010174,
      0.0,
      4.0073267912175625
    ],
    "MASS": 0.3953161166670554,
    "Translation": [
      50.0,
      0.0,
      -43.1
    ],
    "Rotation": [
      [
        1.0,
        0.0,
        0.0
      ],
      [
        0.0,
        1.0,
        0.0
      ],
      [
        0.0,
        0.0,
        1.0
      ]
    ]
  },
  "Battery_2": {
    "Name": "Battery_2",
    "CG": [
      0.0,
      22.497005618062374,
      0.012149310274070402
    ],
    "MASS": 0.598,
    "Translation": [
      0.0,
      -24.0,
      -18.1
    ],
    "Rotation": [
      [
        0.0,
        0.0,
        -1.0
      ],
      [
        1.0,
        0.0,
        0.0
      ],
      [
        0.0,
        -1.0,
        0.0
      ]
    ]
  },
  "Battery_1": {
    "Name": "Battery_1",
    "CG": [
      0.0,
      22.497005618062374,
      0.012149310274070402
    ],
    "MASS": 0.598,
    "Translation": [
      0.0,
      24.0,
      -18.1
    ],
    "Rotation": [
      [
        0.0,
        0.0,
        -1.0
      ],
      [
        1.0,
        0.0,
        0.0
      ],
      [
        0.0,
        -1.0,
        0.0
      ]
    ]
  },
  "Orient": {
    "Name": "Orient",
    "CG": [
      0.0,
      0.0,
      0.0
    ],
    "MASS": 1e-07,
    "Translation": [
      0.0,
      0.0,
      0.0
    ],
    "Rotation": [
      [
        1.0,
        0.0,
        0.0
      ],
      [
        0.0,
        1.0,
        0.0
      ],
      [
        0.0,
        0.0,
        1.0
      ]
    ]
  }
}