{
  "fuselage": {
    "Name": "fuselage",
    "CG": [
      -219.56636122546016,
      0.0,
      19.090285967292782
    ],
    "MASS": 185.6406258571154,
    "Translation": [
      0.0,
      0.0,
      0.0
    ],
    "Rotation": [
      [
        1.0,
        0.0,
        0.0
      ],
      [
        0.0,
        1.0,
        0.0
      ],
      [
        0.0,
        0.0,
        1.0
      ]
    ]
  },
  "passenger2": {
    "Name": "passenger2",
    "CG": [
      -84.7353088765274,
      0.0,
      -541.7015266436733
    ],
    "MASS": 90.0,
    "Translation": [
      5.6292719621909555,
      210.0,
      573.7500000000001
    ],
    "Rotation": [
      [
        0.8660254037844387,
        2.0543219653946353e-18,
        0.49999999999999994
      ],
      [
        -2.3721266794455074e-18,
        1.0,
        0.0
      ],
      [
        -0.49999999999999994,
        -1.1860633397227535e-18,
        0.8660254037844387
      ]
    ]
  },
  "left_wing": {
    "Name": "left_wing",
    "CG": [
      625.1508918028576,
      0.0,
      4000.0000000000014
    ],
    "MASS": 20.391462835134664,
    "Translation": [
      324.99999999999943,
      -8760.0,
      -8.587808181494851e-12
    ],
    "Rotation": [
      [
        -1.0,
        0.0,
        6.614824397802743e-17
      ],
      [
        6.614824397802743e-17,
        -1.0587972742683852e-15,
        1.0
      ],
      [
        7.003758042157557e-32,
        1.0,
        1.0587972742683852e-15
      ]
    ]
  },
  "left_battery": {
    "Name": "left_battery",
    "CG": [
      525.0,
      0.0,
      3980.952380952381
    ],
    "MASS": 26.752,
    "Translation": [
      325.0,
      -8721.904761904763,
      -1.6058265828178264e-12
    ],
    "Rotation": [
      [
        -1.0,
        5.788634513303916e-32,
        0.0
      ],
      [
        0.0,
        -1.8369701987210292e-16,
        1.0
      ],
      [
        5.788634513303916e-32,
        1.0,
        1.8369701987210292e-16
      ]
    ]
  },
  "right_wing": {
    "Name": "right_wing",
    "CG": [
      625.1508918028576,
      0.0,
      4000.0000000000014
    ],
    "MASS": 20.391462835134664,
    "Translation": [
      325.0,
      760.0,
      -7.999999999999972
    ],
    "Rotation": [
      [
        -1.0,
        -8.035122827338563e-81,
        0.0
      ],
      [
        4.920093725628002e-97,
        -6.123233995736767e-17,
        1.0
      ],
      [
        -8.035122827338563e-81,
        1.0,
        6.123233995736767e-17
      ]
    ]
  },
  "right_battery": {
    "Name": "right_battery",
    "CG": [
      525.0,
      0.0,
      3980.952380952381
    ],
    "MASS": 26.752,
    "Translation": [
      325.0,
      760.0,
      -7.999999999999979
    ],
    "Rotation": [
      [
        -1.0,
        -8.035122827338563e-81,
        0.0
      ],
      [
        4.920093725628002e-97,
        -6.123233995736767e-17,
        1.0
      ],
      [
        -8.035122827338563e-81,
        1.0,
        6.123233995736767e-17
      ]
    ]
  },
  "passenger1": {
    "Name": "passenger1",
    "CG": [
      -84.7353088765274,
      0.0,
      -541.7015266436733
    ],
    "MASS": 90.0,
    "Translation": [
      5.6292719621909555,
      -210.0,
      573.7500000000001
    ],
    "Rotation": [
      [
        0.8660254037844387,
        2.0543219653946353e-18,
        0.49999999999999994
      ],
      [
        -2.3721266794455074e-18,
        1.0,
        0.0
      ],
      [
        -0.49999999999999994,
        -1.1860633397227535e-18,
        0.8660254037844387
      ]
    ]
  },
  "cross_bar_1": {
    "Name": "cross_bar_1",
    "CG": [
      49.99999996574156,
      0.0,
      0.0
    ],
    "MASS": 0.3809882905275805,
    "Translation": [
      -75.0,
      -1.6342482922482304e-13,
      760.0
    ],
    "Rotation": [
      [
        0.0,
        0.0,
        -1.0
      ],
      [
        -2.4492935982947064e-16,
        1.0,
        0.0
      ],
      [
        1.0,
        2.4492935982947064e-16,
        0.0
      ]
    ]
  },
  "cross_bar_1_RIGHT": {
    "Name": "cross_bar_1_RIGHT",
    "CG": [
      249.99998895212968,
      0.0,
      0.0
    ],
    "MASS": 1.9395911911056019,
    "Translation": [
      -75.0,
      49.99999999999982,
      810.0
    ],
    "Rotation": [
      [
        1.8369701987210297e-16,
        -1.0,
        0.0
      ],
      [
        1.0,
        1.8369701987210297e-16,
        -2.4492935982947064e-16
      ],
      [
        2.4492935982947064e-16,
        4.499279347985573e-32,
        1.0
      ]
    ]
  },
  "cross_bar_1_TOP": {
    "Name": "cross_bar_1_TOP",
    "CG": [
      249.99998895212968,
      0.0,
      0.0
    ],
    "MASS": 1.9395911911056019,
    "Translation": [
      -125.0,
      -1.7567129721629658e-13,
      810.0
    ],
    "Rotation": [
      [
        -1.0,
        0.0,
        0.0
      ],
      [
        0.0,
        -1.0,
        -2.4492935982947064e-16
      ],
      [
        0.0,
        -2.4492935982947064e-16,
        1.0
      ]
    ]
  },
  "cross_bar_1_LEFT": {
    "Name": "cross_bar_1_LEFT",
    "CG": [
      249.99998895212968,
      0.0,
      0.0
    ],
    "MASS": 1.9395911911056019,
    "Translation": [
      -74.99999999999999,
      -50.00000000000018,
      810.0
    ],
    "Rotation": [
      [
        -6.123233995736766e-17,
        1.0,
        0.0
      ],
      [
        -1.0,
        -6.123233995736766e-17,
        -2.4492935982947064e-16
      ],
      [
        -2.4492935982947064e-16,
        -1.4997597826618576e-32,
        1.0
      ]
    ]
  },
  "cross_bar_2": {
    "Name": "cross_bar_2",
    "CG": [
      49.99999996574156,
      0.0,
      0.0
    ],
    "MASS": 0.3809882905275805,
    "Translation": [
      -125.0,
      -300.00000000000017,
      809.9999999999999
    ],
    "Rotation": [
      [
        -1.0,
        -6.123233995736766e-17,
        -6.123233995736766e-17
      ],
      [
        6.123233995736765e-17,
        2.4492935982947064e-16,
        -1.0
      ],
      [
        6.123233995736767e-17,
        -1.0,
        -2.4492935982947064e-16
      ]
    ]
  },
  "cross_bar_2_LEFT": {
    "Name": "cross_bar_2_LEFT",
    "CG": [
      249.99998895212968,
      0.0,
      0.0
    ],
    "MASS": 1.9395911911056019,
    "Translation": [
      -175.0,
      -300.00000000000017,
      859.9999999999999
    ],
    "Rotation": [
      [
        6.123233995736766e-17,
        6.123233995736766e-17,
        -1.0
      ],
      [
        -3.061616997868383e-16,
        1.0,
        6.123233995736764e-17
      ],
      [
        1.0,
        3.061616997868383e-16,
        6.123233995736769e-17
      ]
    ]
  },
  "cross_bar_2_RIGHT": {
    "Name": "cross_bar_2_RIGHT",
    "CG": [
      249.99998895212968,
      0.0,
      0.0
    ],
    "MASS": 1.9395911911056019,
    "Translation": [
      -175.0,
      -300.00000000000017,
      759.9999999999999
    ],
    "Rotation": [
      [
        -6.123233995736765e-17,
        -6.123233995736767e-17,
        -1.0
      ],
      [
        4.286263797015736e-16,
        -1.0,
        6.123233995736765e-17
      ],
      [
        -1.0,
        -4.286263797015736e-16,
        6.123233995736767e-17
      ]
    ]
  },
  "cross_bar_2_TOP": {
    "Name": "cross_bar_2_TOP",
    "CG": [
      249.99998895212968,
      0.0,
      0.0
    ],
    "MASS": 1.9395911911056019,
    "Translation": [
      -175.0,
      -350.00000000000017,
      809.9999999999999
    ],
    "Rotation": [
      [
        -6.123233995736766e-17,
        6.123233995736766e-17,
        -1.0
      ],
      [
        -1.0,
        -2.4492935982947064e-16,
        6.123233995736765e-17
      ],
      [
        -2.4492935982947064e-16,
        1.0,
        6.123233995736767e-17
      ]
    ]
  },
  "motor_prop_4_motor": {
    "Name": "motor_prop_4_motor",
    "CG": [
      0.0,
      70.0231557879992,
      0.00091554108992975
    ],
    "MASS": 35.0,
    "Translation": [
      14.999999999999986,
      -600.0000000000002,
      809.9999999999998
    ],
    "Rotation": [
      [
        6.123233995736767e-17,
        -1.0,
        1.8369701987210297e-16
      ],
      [
        1.0,
        6.123233995736762e-17,
        -2.4492935982947064e-16
      ],
      [
        2.4492935982947064e-16,
        1.83697019872103e-16,
        1.0
      ]
    ]
  },
  "motor_prop_4_prop": {
    "Name": "motor_prop_4_prop",
    "CG": [
      0.0,
      0.0,
      59.055
    ],
    "MASS": 0.831,
    "Translation": [
      133.10999999999996,
      -600.0000000000002,
      809.9999999999998
    ],
    "Rotation": [
      [
        1.8369701987210297e-16,
        6.123233995736765e-17,
        -1.0
      ],
      [
        -1.2246494047788407e-16,
        1.0,
        6.123233995736762e-17
      ],
      [
        1.0,
        1.2246494047788407e-16,
        1.83697019872103e-16
      ]
    ]
  },
  "cross_bar_2_BOTTOM": {
    "Name": "cross_bar_2_BOTTOM",
    "CG": [
      249.99998895212968,
      0.0,
      0.0
    ],
    "MASS": 1.9395911911056019,
    "Translation": [
      -175.0,
      -250.00000000000017,
      809.9999999999999
    ],
    "Rotation": [
      [
        6.123233995736767e-17,
        -6.123233995736765e-17,
        -1.0
      ],
      [
        1.0,
        3.6739403974420594e-16,
        6.123233995736765e-17
      ],
      [
        3.6739403974420594e-16,
        -1.0,
        6.123233995736767e-17
      ]
    ]
  },
  "wing_pair_1": {
    "Name": "wing_pair_1",
    "CG": [
      750.0047788056127,
      0.0,
      0.0
    ],
    "MASS": 5.835893865106039,
    "Translation": [
      -75.00000000000001,
      -550.0000000000002,
      809.9999999999999
    ],
    "Rotation": [
      [
        -6.123233995736765e-17,
        0.7071067811865475,
        -0.7071067811865475
      ],
      [
        -0.9999999999999998,
        -2.164890140588733e-16,
        -1.2989340843532398e-16
      ],
      [
        -2.449293598294706e-16,
        0.7071067811865475,
        0.7071067811865475
      ]
    ]
  },
  "wing_pair_2": {
    "Name": "wing_pair_2",
    "CG": [
      750.0047788056127,
      0.0,
      0.0
    ],
    "MASS": 5.835893865106039,
    "Translation": [
      -75.0000000000001,
      -2050.0,
      809.9999999999995
    ],
    "Rotation": [
      [
        -6.123233995736766e-17,
        0.0,
        -1.0
      ],
      [
        -1.0,
        -2.4492935982947064e-16,
        6.123233995736767e-17
      ],
      [
        -2.4492935982947064e-16,
        1.0,
        0.0
      ]
    ]
  },
  "wing_pair_2_r": {
    "Name": "wing_pair_2_r",
    "CG": [
      223.19298972884795,
      0.0,
      1500.0000000000002
    ],
    "MASS": 3.0455663669392754,
    "Translation": [
      -75.00000000000013,
      -2550.0,
      859.9999999999994
    ],
    "Rotation": [
      [
        -6.123233995736767e-17,
        1.0,
        1.8369701987210297e-16
      ],
      [
        -1.0,
        -6.123233995736762e-17,
        -2.4492935982947064e-16
      ],
      [
        -2.4492935982947064e-16,
        -1.8369701987210297e-16,
        1.0
      ]
    ]
  },
  "wing_pair_2_l": {
    "Name": "wing_pair_2_l",
    "CG": [
      223.19298972884795,
      0.0,
      1500.0000000000002
    ],
    "MASS": 3.0455663669392754,
    "Translation": [
      -3125.0,
      -2549.999999999999,
      810.0000000000026
    ],
    "Rotation": [
      [
        -2.360737280619938e-16,
        -1.0691430194289234e-15,
        1.0
      ],
      [
        -1.0,
        2.449293598294707e-16,
        -2.3607372806199356e-16
      ],
      [
        -2.4492935982947044e-16,
        -1.0,
        -1.0691430194289234e-15
      ]
    ]
  },
  "wing_pair_3": {
    "Name": "wing_pair_3",
    "CG": [
      750.0047788056127,
      0.0,
      0.0
    ],
    "MASS": 5.835893865106039,
    "Translation": [
      -75.00000000000018,
      -3550.0,
      809.9999999999992
    ],
    "Rotation": [
      [
        -6.123233995736765e-17,
        -0.7071067811865475,
        -0.7071067811865475
      ],
      [
        -0.9999999999999998,
        -1.2989340843532398e-16,
        2.164890140588733e-16
      ],
      [
        -2.449293598294706e-16,
        0.7071067811865475,
        -0.7071067811865475
      ]
    ]
  },
  "wing_pair_3_l": {
    "Name": "wing_pair_3_l",
    "CG": [
      223.19298972884795,
      0.0,
      1500.0000000000002
    ],
    "MASS": 3.0455663669392754,
    "Translation": [
      -2231.675682618972,
      -4049.999999999999,
      -1346.6756826189685
    ],
    "Rotation": [
      [
        -1.8486387111821793e-16,
        0.7071067811865468,
        0.7071067811865483
      ],
      [
        -1.0,
        1.2989340843532423e-16,
        -3.9133040216349937e-16
      ],
      [
        -3.6856089099032065e-16,
        -0.7071067811865483,
        0.7071067811865468
      ]
    ]
  },
  "wing_pair_3_r": {
    "Name": "wing_pair_3_r",
    "CG": [
      223.19298972884795,
      0.0,
      1500.0000000000002
    ],
    "MASS": 3.0455663669392754,
    "Translation": [
      -110.35533905932759,
      -4050.0,
      845.3553390593265
    ],
    "Rotation": [
      [
        -6.123233995736764e-17,
        0.7071067811865476,
        -0.7071067811865474
      ],
      [
        -0.9999999999999999,
        -2.1648901405887328e-16,
        -1.2989340843532403e-16
      ],
      [
        -2.449293598294706e-16,
        0.7071067811865474,
        0.7071067811865476
      ]
    ]
  },
  "motor_prop_2_motor": {
    "Name": "motor_prop_2_motor",
    "CG": [
      0.0,
      70.0231557879992,
      0.00091554108992975
    ],
    "MASS": 35.0,
    "Translation": [
      -75.00000000000028,
      -5190.0,
      809.9999999999989
    ],
    "Rotation": [
      [
        0.7071067811865475,
        6.123233995736766e-17,
        -0.7071067811865475
      ],
      [
        -2.1648901405887328e-16,
        1.0,
        -1.2989340843532398e-16
      ],
      [
        0.7071067811865475,
        2.4492935982947064e-16,
        0.7071067811865475
      ]
    ]
  },
  "motor_prop_2_prop": {
    "Name": "motor_prop_2_prop",
    "CG": [
      0.0,
      0.0,
      59.055
    ],
    "MASS": 0.831,
    "Translation": [
      -75.0000000000003,
      -5308.11,
      809.9999999999989
    ],
    "Rotation": [
      [
        -0.7071067811865474,
        0.7071067811865476,
        6.123233995736766e-17
      ],
      [
        -1.29893408435324e-16,
        -2.1648901405887326e-16,
        1.0
      ],
      [
        0.7071067811865476,
        0.7071067811865474,
        2.4492935982947064e-16
      ]
    ]
  },
  "wing_pair_4": {
    "Name": "wing_pair_4",
    "CG": [
      750.0047788056127,
      0.0,
      0.0
    ],
    "MASS": 5.835893865106039,
    "Translation": [
      -75.00000000000027,
      -5050.0,
      809.9999999999989
    ],
    "Rotation": [
      [
        -6.123233995736766e-17,
        -1.0,
        0.0
      ],
      [
        -1.0,
        6.123233995736765e-17,
        2.449293598294706e-16
      ],
      [
        -2.4492935982947064e-16,
        0.0,
        -1.0
      ]
    ]
  },
  "rail_1": {
    "Name": "rail_1",
    "CG": [
      500.0000410528325,
      0.0,
      0.0
    ],
    "MASS": 3.887774502129468,
    "Translation": [
      -25.000000000000313,
      -5800.0,
      809.9999999999987
    ],
    "Rotation": [
      [
        1.0,
        6.123233995736766e-17,
        -6.123233995736765e-17
      ],
      [
        -6.123233995736764e-17,
        -2.449293598294706e-16,
        -1.0
      ],
      [
        -6.123233995736766e-17,
        1.0,
        -2.449293598294706e-16
      ]
    ]
  },
  "wing_pair_5": {
    "Name": "wing_pair_5",
    "CG": [
      750.0047788056127,
      0.0,
      0.0
    ],
    "MASS": 5.835893865106039,
    "Translation": [
      974.9999999999997,
      -5800.0,
      809.9999999999986
    ],
    "Rotation": [
      [
        1.0,
        1.232595164407831e-32,
        -8.659560562354933e-17
      ],
      [
        -6.123233995736764e-17,
        -0.7071067811865478,
        -0.7071067811865474
      ],
      [
        -6.123233995736766e-17,
        0.7071067811865474,
        -0.7071067811865478
      ]
    ]
  },
  "wing_pair_5_r": {
    "Name": "wing_pair_5_r",
    "CG": [
      223.19298972884795,
      0.0,
      1500.0000000000002
    ],
    "MASS": 3.0455663669392754,
    "Translation": [
      1474.9999999999995,
      -5835.355339059328,
      845.355339059326
    ],
    "Rotation": [
      [
        1.0,
        8.659560562354933e-17,
        2.823330633114424e-32
      ],
      [
        -6.123233995736761e-17,
        0.7071067811865475,
        -0.7071067811865477
      ],
      [
        -6.123233995736769e-17,
        0.7071067811865477,
        0.7071067811865475
      ]
    ]
  },
  "wing_pair_6": {
    "Name": "wing_pair_6",
    "CG": [
      750.0047788056127,
      0.0,
      0.0
    ],
    "MASS": 5.835893865106039,
    "Translation": [
      2474.9999999999995,
      -5800.0,
      809.9999999999985
    ],
    "Rotation": [
      [
        1.0,
        -6.123233995736765e-17,
        -6.123233995736767e-17
      ],
      [
        -6.123233995736764e-17,
        -1.0,
        3.3306690738754696e-16
      ],
      [
        -6.123233995736766e-17,
        -3.3306690738754696e-16,
        -1.0
      ]
    ]
  },
  "wing_pair_6_l": {
    "Name": "wing_pair_6_l",
    "CG": [
      223.19298972884795,
      0.0,
      1500.0000000000002
    ],
    "MASS": 3.0455663669392754,
    "Translation": [
      2974.9999999999986,
      -5800.000000000002,
      -2240.0000000000014
    ],
    "Rotation": [
      [
        1.0,
        6.123233995736759e-17,
        2.360737280619939e-16
      ],
      [
        -6.123233995736775e-17,
        1.0,
        7.360761120413764e-16
      ],
      [
        -2.3607372806199385e-16,
        -7.360761120413764e-16,
        1.0
      ]
    ]
  },
  "motor_prop_3_motor": {
    "Name": "motor_prop_3_motor",
    "CG": [
      0.0,
      70.0231557879992,
      0.00091554108992975
    ],
    "MASS": 35.0,
    "Translation": [
      3224.9999999999995,
      -5800.0,
      619.9999999999985
    ],
    "Rotation": [
      [
        -1.0,
        6.123233995736767e-17,
        6.123233995736765e-17
      ],
      [
        6.123233995736762e-17,
        -3.3306690738754696e-16,
        1.0
      ],
      [
        6.12323399573677e-17,
        1.0,
        3.3306690738754696e-16
      ]
    ]
  },
  "motor_prop_3_prop": {
    "Name": "motor_prop_3_prop",
    "CG": [
      0.0,
      0.0,
      59.055
    ],
    "MASS": 0.831,
    "Translation": [
      3224.9999999999995,
      -5800.0,
      501.8899999999985
    ],
    "Rotation": [
      [
        -6.123207939421893e-17,
        -1.0,
        6.123233995736767e-17
      ],
      [
        1.0,
        -6.123207939421895e-17,
        -3.3306690738754696e-16
      ],
      [
        3.3306690738754696e-16,
        6.123233995736766e-17,
        1.0
      ]
    ]
  },
  "wing_pair_6_r": {
    "Name": "wing_pair_6_r",
    "CG": [
      223.19298972884795,
      0.0,
      1500.0000000000002
    ],
    "MASS": 3.0455663669392754,
    "Translation": [
      2974.9999999999995,
      -5850.0,
      809.9999999999984
    ],
    "Rotation": [
      [
        1.0,
        6.123233995736769e-17,
        -6.123233995736764e-17
      ],
      [
        -6.123233995736762e-17,
        -1.49369887515444e-16,
        -1.0
      ],
      [
        -6.12323399573677e-17,
        1.0,
        -1.49369887515444e-16
      ]
    ]
  },
  "wing_pair_5_l": {
    "Name": "wing_pair_5_l",
    "CG": [
      223.19298972884795,
      0.0,
      1500.0000000000002
    ],
    "MASS": 3.0455663669392754,
    "Translation": [
      1474.9999999999986,
      -7956.675682618971,
      -1346.6756826189699
    ],
    "Rotation": [
      [
        1.0,
        -1.049090389097161e-31,
        2.614369937281755e-16
      ],
      [
        -1.8486387111821783e-16,
        0.707106781186547,
        0.7071067811865481
      ],
      [
        -1.8486387111821773e-16,
        -0.7071067811865481,
        0.707106781186547
      ]
    ]
  },
  "wing_pair_4_r": {
    "Name": "wing_pair_4_r",
    "CG": [
      223.19298972884795,
      0.0,
      1500.0000000000002
    ],
    "MASS": 3.0455663669392754,
    "Translation": [
      -125.0000000000003,
      -5550.0,
      809.9999999999987
    ],
    "Rotation": [
      [
        -6.123233995736765e-17,
        1.8369701987210297e-16,
        -1.0
      ],
      [
        -1.0,
        -2.449293598294706e-16,
        6.12323399573676e-17
      ],
      [
        -2.449293598294706e-16,
        1.0,
        1.8369701987210297e-16
      ]
    ]
  },
  "wing_pair_4_l": {
    "Name": "wing_pair_4_l",
    "CG": [
      223.19298972884795,
      0.0,
      1500.0000000000002
    ],
    "MASS": 3.0455663669392754,
    "Translation": [
      -75.00000000000351,
      -5549.999999999999,
      -2240.0000000000014
    ],
    "Rotation": [
      [
        -6.123233995736783e-17,
        1.0,
        1.0691430194289234e-15
      ],
      [
        -1.0,
        -6.123233995736739e-17,
        -4.197707479340968e-16
      ],
      [
        -4.197707479340967e-16,
        -1.0691430194289234e-15,
        1.0
      ]
    ]
  },
  "wing_pair_1_l": {
    "Name": "wing_pair_1_l",
    "CG": [
      223.19298972884795,
      0.0,
      1500.0000000000002
    ],
    "MASS": 3.0455663669392754,
    "Translation": [
      -2231.6756826189676,
      -1050.0,
      2966.6756826189717
    ],
    "Rotation": [
      [
        -1.8486387111821768e-16,
        -0.7071067811865483,
        0.7071067811865468
      ],
      [
        -1.0,
        2.164890140588732e-16,
        -4.494797966930192e-17
      ],
      [
        -1.2129782866862038e-16,
        -0.7071067811865468,
        -0.7071067811865483
      ]
    ]
  },
  "wing_pair_1_r": {
    "Name": "wing_pair_1_r",
    "CG": [
      223.19298972884795,
      0.0,
      1500.0000000000002
    ],
    "MASS": 3.0455663669392754,
    "Translation": [
      -39.64466094067267,
      -1050.0,
      845.3553390593272
    ],
    "Rotation": [
      [
        -6.123233995736764e-17,
        0.7071067811865474,
        0.7071067811865476
      ],
      [
        -0.9999999999999999,
        1.2989340843532403e-16,
        -2.1648901405887328e-16
      ],
      [
        -2.449293598294706e-16,
        -0.7071067811865476,
        0.7071067811865474
      ]
    ]
  },
  "wing_pair_7": {
    "Name": "wing_pair_7",
    "CG": [
      750.0047788056127,
      0.0,
      0.0
    ],
    "MASS": 5.835893865106039,
    "Translation": [
      -75.00000000000001,
      -550.0000000000002,
      809.9999999999999
    ],
    "Rotation": [
      [
        -6.123233995736765e-17,
        0.7071067811865475,
        -0.7071067811865475
      ],
      [
        -0.9999999999999998,
        -2.164890140588733e-16,
        -1.2989340843532398e-16
      ],
      [
        -2.449293598294706e-16,
        0.7071067811865475,
        0.7071067811865475
      ]
    ]
  },
  "wing_pair_8": {
    "Name": "wing_pair_8",
    "CG": [
      750.0047788056127,
      0.0,
      0.0
    ],
    "MASS": 5.835893865106039,
    "Translation": [
      -75.0000000000001,
      -2050.0,
      809.9999999999995
    ],
    "Rotation": [
      [
        -6.123233995736766e-17,
        0.0,
        -1.0
      ],
      [
        -1.0,
        -2.4492935982947064e-16,
        6.123233995736767e-17
      ],
      [
        -2.4492935982947064e-16,
        1.0,
        0.0
      ]
    ]
  },
  "wing_pair_8_r": {
    "Name": "wing_pair_8_r",
    "CG": [
      223.19298972884795,
      0.0,
      1500.0000000000002
    ],
    "MASS": 3.0455663669392754,
    "Translation": [
      -75.00000000000013,
      -2550.0,
      859.9999999999994
    ],
    "Rotation": [
      [
        -6.123233995736767e-17,
        1.0,
        1.8369701987210297e-16
      ],
      [
        -1.0,
        -6.123233995736762e-17,
        -2.4492935982947064e-16
      ],
      [
        -2.4492935982947064e-16,
        -1.8369701987210297e-16,
        1.0
      ]
    ]
  },
  "wing_pair_8_l": {
    "Name": "wing_pair_8_l",
    "CG": [
      223.19298972884795,
      0.0,
      1500.0000000000002
    ],
    "MASS": 3.0455663669392754,
    "Translation": [
      -3125.0,
      -2549.999999999999,
      810.0000000000026
    ],
    "Rotation": [
      [
        -2.360737280619938e-16,
        -1.0691430194289234e-15,
        1.0
      ],
      [
        -1.0,
        2.449293598294707e-16,
        -2.3607372806199356e-16
      ],
      [
        -2.4492935982947044e-16,
        -1.0,
        -1.0691430194289234e-15
      ]
    ]
  },
  "wing_pair_7_r": {
    "Name": "wing_pair_7_r",
    "CG": [
      223.19298972884795,
      0.0,
      1500.0000000000002
    ],
    "MASS": 3.0455663669392754,
    "Translation": [
      -39.64466094067267,
      -1050.0,
      845.3553390593272
    ],
    "Rotation": [
      [
        -6.123233995736764e-17,
        0.7071067811865474,
        0.7071067811865476
      ],
      [
        -0.9999999999999999,
        1.2989340843532403e-16,
        -2.1648901405887328e-16
      ],
      [
        -2.449293598294706e-16,
        -0.7071067811865476,
        0.7071067811865474
      ]
    ]
  },
  "wing_pair_7_l": {
    "Name": "wing_pair_7_l",
    "CG": [
      223.19298972884795,
      0.0,
      1500.0000000000002
    ],
    "MASS": 3.0455663669392754,
    "Translation": [
      -2231.6756826189676,
      -1050.0,
      2966.6756826189717
    ],
    "Rotation": [
      [
        -1.8486387111821768e-16,
        -0.7071067811865483,
        0.7071067811865468
      ],
      [
        -1.0,
        2.164890140588732e-16,
        -4.494797966930192e-17
      ],
      [
        -1.2129782866862038e-16,
        -0.7071067811865468,
        -0.7071067811865483
      ]
    ]
  },
  "motor_prop_1_motor": {
    "Name": "motor_prop_1_motor",
    "CG": [
      0.0,
      70.0231557879992,
      0.00091554108992975
    ],
    "MASS": 35.0,
    "Translation": [
      -75.0,
      -190.00000000000017,
      810.0
    ],
    "Rotation": [
      [
        0.0,
        6.123233995736766e-17,
        1.0
      ],
      [
        2.4492935982947064e-16,
        1.0,
        -6.123233995736766e-17
      ],
      [
        -1.0,
        2.4492935982947064e-16,
        -1.4997597826618576e-32
      ]
    ]
  },
  "motor_prop_1_prop": {
    "Name": "motor_prop_1_prop",
    "CG": [
      0.0,
      0.0,
      59.055
    ],
    "MASS": 0.831,
    "Translation": [
      -75.00000000000001,
      -308.1100000000001,
      810.0
    ],
    "Rotation": [
      [
        1.0,
        -1.2246441935158657e-16,
        6.123233995736766e-17
      ],
      [
        -6.123233995736764e-17,
        2.4492935982947064e-16,
        1.0
      ],
      [
        -1.224644193515866e-16,
        -1.0,
        2.4492935982947064e-16
      ]
    ]
  },
  "cross_bar_1_BOTTOM": {
    "Name": "cross_bar_1_BOTTOM",
    "CG": [
      249.99998895212968,
      0.0,
      0.0
    ],
    "MASS": 1.9395911911056019,
    "Translation": [
      -25.0,
      -1.7567129721629658e-13,
      810.0
    ],
    "Rotation": [
      [
        1.0,
        1.2246467991473532e-16,
        0.0
      ],
      [
        -1.2246467991473532e-16,
        1.0,
        -2.4492935982947064e-16
      ],
      [
        -2.999519565323715e-32,
        2.4492935982947064e-16,
        1.0
      ]
    ]
  },
  "Orient": {
    "Name": "Orient",
    "CG": [
      0.0,
      0.0,
      0.0
    ],
    "MASS": 1e-07,
    "Translation": [
      0.0,
      0.0,
      0.0
    ],
    "Rotation": [
      [
        1.0,
        0.0,
        0.0
      ],
      [
        0.0,
        1.0,
        0.0
      ],
      [
        0.0,
        0.0,
        1.0
      ]
    ]
  }
}