{
  "fuselage": {
    "Name": "fuselage",
    "CG": [
      -106.6640827132918,
      -0.0023401622806061683,
      14.814624140685812
    ],
    "MASS": 159.34121889511653,
    "Translation": [
      0.0,
      0.0,
      0.0
    ],
    "Rotation": [
      [
        1.0,
        0.0,
        0.0
      ],
      [
        0.0,
        1.0,
        0.0
      ],
      [
        0.0,
        0.0,
        1.0
      ]
    ]
  },
  "passenger1": {
    "Name": "passenger1",
    "CG": [
      -84.7353088765274,
      0.0,
      -541.7015266436733
    ],
    "MASS": 90.0,
    "Translation": [
      5.6292719621909555,
      -210.0,
      573.7500000000001
    ],
    "Rotation": [
      [
        0.8660254037844387,
        2.0543219653946353e-18,
        0.49999999999999994
      ],
      [
        -2.3721266794455074e-18,
        1.0,
        0.0
      ],
      [
        -0.49999999999999994,
        -1.1860633397227535e-18,
        0.8660254037844387
      ]
    ]
  },
  "tbar_post_1": {
    "Name": "tbar_post_1",
    "CG": [
      1000.0001893049277,
      0.0,
      0.0
    ],
    "MASS": 7.7839875359746395,
    "Translation": [
      -150.0,
      1.2079226507921703e-13,
      -760.0
    ],
    "Rotation": [
      [
        0.0,
        -1.0,
        -6.123233995736766e-17
      ],
      [
        1.2246467991473532e-16,
        -6.123233995736766e-17,
        1.0
      ],
      [
        -1.0,
        -7.498798913309288e-33,
        1.2246467991473532e-16
      ]
    ]
  },
  "tbar_cross_1": {
    "Name": "tbar_cross_1",
    "CG": [
      500.0000410528325,
      0.0,
      0.0
    ],
    "MASS": 3.887774502129468,
    "Translation": [
      -200.0,
      2.40195327996084e-13,
      -1760.0
    ],
    "Rotation": [
      [
        -1.0,
        2.4492935982947064e-16,
        2.999519565323715e-32
      ],
      [
        -2.4492935982947064e-16,
        -1.0,
        -2.4492935982947064e-16
      ],
      [
        -2.999519565323715e-32,
        -2.4492935982947064e-16,
        1.0
      ]
    ]
  },
  "t_cross_mp_top_motor": {
    "Name": "t_cross_mp_top_motor",
    "CG": [
      0.0,
      70.0231557879992,
      0.00091554108992975
    ],
    "MASS": 35.0,
    "Translation": [
      -1340.0,
      -3.9024142209512564e-14,
      -1760.0
    ],
    "Rotation": [
      [
        -2.999519565323715e-32,
        1.0,
        2.4492935982947064e-16
      ],
      [
        2.4492935982947064e-16,
        2.4492935982947064e-16,
        -1.0
      ],
      [
        -1.0,
        2.999519565323715e-32,
        -2.4492935982947064e-16
      ]
    ]
  },
  "t_cross_mp_top_prop": {
    "Name": "t_cross_mp_top_prop",
    "CG": [
      0.0,
      0.0,
      59.055
    ],
    "MASS": 0.831,
    "Translation": [
      -1458.11,
      -6.795274889897134e-14,
      -1760.0
    ],
    "Rotation": [
      [
        2.4492935982947064e-16,
        -5.999032748690909e-32,
        1.0
      ],
      [
        -1.0,
        3.673937791810572e-16,
        2.4492935982947064e-16
      ],
      [
        -3.673937791810572e-16,
        -1.0,
        2.999519565323715e-32
      ]
    ]
  },
  "t_post_mp_top_motor": {
    "Name": "t_post_mp_top_motor",
    "CG": [
      0.0,
      70.0231557879992,
      0.00091554108992975
    ],
    "MASS": 35.0,
    "Translation": [
      -150.0,
      3.8286668009675065e-13,
      -2900.0
    ],
    "Rotation": [
      [
        6.123233995736766e-17,
        0.0,
        -1.0
      ],
      [
        -1.0,
        -1.2246467991473532e-16,
        -6.123233995736766e-17
      ],
      [
        -1.2246467991473532e-16,
        1.0,
        -7.498798913309288e-33
      ]
    ]
  },
  "t_post_mp_top_prop": {
    "Name": "t_post_mp_top_prop",
    "CG": [
      0.0,
      0.0,
      59.055
    ],
    "MASS": 0.831,
    "Translation": [
      -150.0,
      3.9733098956471405e-13,
      -3018.11
    ],
    "Rotation": [
      [
        -1.0,
        1.8369675930895425e-16,
        0.0
      ],
      [
        -1.8369675930895425e-16,
        -1.0,
        -1.2246467991473532e-16
      ],
      [
        -2.2496364830145256e-32,
        -1.2246467991473532e-16,
        1.0
      ]
    ]
  },
  "cylinder_0": {
    "Name": "cylinder_0",
    "CG": [
      1000.0001893049277,
      0.0,
      0.0
    ],
    "MASS": 7.7839875359746395,
    "Translation": [
      -1240.0,
      0.0,
      0.0
    ],
    "Rotation": [
      [
        -1.0,
        0.0,
        0.0
      ],
      [
        0.0,
        1.0,
        0.0
      ],
      [
        0.0,
        0.0,
        -1.0
      ]
    ]
  },
  "cylinder_1": {
    "Name": "cylinder_1",
    "CG": [
      1000.0001893049277,
      0.0,
      0.0
    ],
    "MASS": 7.7839875359746395,
    "Translation": [
      -3240.0,
      0.0,
      0.0
    ],
    "Rotation": [
      [
        -1.0,
        0.0,
        0.0
      ],
      [
        0.0,
        1.0,
        0.0
      ],
      [
        0.0,
        0.0,
        -1.0
      ]
    ]
  },
  "cylinder_2": {
    "Name": "cylinder_2",
    "CG": [
      1000.0001893049277,
      0.0,
      0.0
    ],
    "MASS": 7.7839875359746395,
    "Translation": [
      -5240.0,
      0.0,
      0.0
    ],
    "Rotation": [
      [
        -1.0,
        0.0,
        0.0
      ],
      [
        0.0,
        1.0,
        0.0
      ],
      [
        0.0,
        0.0,
        -1.0
      ]
    ]
  },
  "fork_r_3": {
    "Name": "fork_r_3",
    "CG": [
      750.0047788056127,
      0.0,
      0.0
    ],
    "MASS": 5.835893865106039,
    "Translation": [
      -6240.0,
      50.0,
      0.0
    ],
    "Rotation": [
      [
        0.0,
        -1.0,
        -6.123233995736766e-17
      ],
      [
        1.0,
        1.1248198369963932e-32,
        -1.8369701987210297e-16
      ],
      [
        1.8369701987210297e-16,
        -6.123233995736766e-17,
        1.0
      ]
    ]
  },
  "post_r_3": {
    "Name": "post_r_3",
    "CG": [
      249.99998895212968,
      0.0,
      0.0
    ],
    "MASS": 1.9395911911056019,
    "Translation": [
      -6240.0,
      800.0,
      -49.999999999999865
    ],
    "Rotation": [
      [
        1.8369701987210297e-16,
        -6.123233995736766e-17,
        1.0
      ],
      [
        1.8369701987210297e-16,
        1.0,
        6.123233995736762e-17
      ],
      [
        -1.0,
        1.8369701987210297e-16,
        1.8369701987210297e-16
      ]
    ]
  },
  "fork_post_mp_6_motor": {
    "Name": "fork_post_mp_6_motor",
    "CG": [
      0.0,
      70.0231557879992,
      0.00091554108992975
    ],
    "MASS": 35.0,
    "Translation": [
      -6240.0,
      800.0000000000001,
      -689.9999999999999
    ],
    "Rotation": [
      [
        -1.0,
        -1.8369701987210297e-16,
        -6.123233995736766e-17
      ],
      [
        -6.123233995736762e-17,
        -1.8369701987210297e-16,
        1.0
      ],
      [
        -1.8369701987210297e-16,
        1.0,
        1.8369701987210297e-16
      ]
    ]
  },
  "fork_post_mp_6_prop": {
    "Name": "fork_post_mp_6_prop",
    "CG": [
      0.0,
      0.0,
      59.055
    ],
    "MASS": 0.831,
    "Translation": [
      -6240.0,
      800.0000000000001,
      -808.1099999999999
    ],
    "Rotation": [
      [
        -1.8369675930895425e-16,
        -1.0,
        -1.8369701987210297e-16
      ],
      [
        1.0,
        -1.836967593089542e-16,
        -1.8369701987210297e-16
      ],
      [
        1.8369701987210294e-16,
        -1.83697019872103e-16,
        1.0
      ]
    ]
  },
  "fork_l_3": {
    "Name": "fork_l_3",
    "CG": [
      750.0047788056127,
      0.0,
      0.0
    ],
    "MASS": 5.835893865106039,
    "Translation": [
      -6240.0,
      -50.0,
      -1.2789769243681803e-13
    ],
    "Rotation": [
      [
        -0.0,
        -1.0,
        -6.123233995736766e-17
      ],
      [
        -1.0,
        -3.749399456654644e-33,
        6.123233995736766e-17
      ],
      [
        -6.123233995736766e-17,
        6.123233995736766e-17,
        -1.0
      ]
    ]
  },
  "post_l_3": {
    "Name": "post_l_3",
    "CG": [
      249.99998895212968,
      0.0,
      0.0
    ],
    "MASS": 1.9395911911056019,
    "Translation": [
      -6240.0,
      -800.0,
      -50.00000000000017
    ],
    "Rotation": [
      [
        -6.123233995736766e-17,
        -1.8369701987210297e-16,
        1.0
      ],
      [
        6.123233995736766e-17,
        1.0,
        1.8369701987210297e-16
      ],
      [
        -1.0,
        6.123233995736767e-17,
        -6.123233995736765e-17
      ]
    ]
  },
  "fork_post_mp_5_motor": {
    "Name": "fork_post_mp_5_motor",
    "CG": [
      0.0,
      70.0231557879992,
      0.00091554108992975
    ],
    "MASS": 35.0,
    "Translation": [
      -6240.0,
      -800.0,
      -690.0000000000002
    ],
    "Rotation": [
      [
        -1.0,
        6.123233995736766e-17,
        -1.8369701987210297e-16
      ],
      [
        -1.8369701987210297e-16,
        -6.123233995736766e-17,
        1.0
      ],
      [
        6.123233995736765e-17,
        1.0,
        6.123233995736767e-17
      ]
    ]
  },
  "fork_post_mp_5_prop": {
    "Name": "fork_post_mp_5_prop",
    "CG": [
      0.0,
      0.0,
      59.055
    ],
    "MASS": 0.831,
    "Translation": [
      -6240.0,
      -800.0,
      -808.1100000000002
    ],
    "Rotation": [
      [
        -3.0616143922368954e-16,
        -1.0,
        6.123233995736766e-17
      ],
      [
        1.0,
        -3.0616143922368954e-16,
        -6.123233995736766e-17
      ],
      [
        6.123233995736769e-17,
        6.123233995736764e-17,
        1.0
      ]
    ]
  },
  "wing_pair_1": {
    "Name": "wing_pair_1",
    "CG": [
      750.0047788056127,
      0.0,
      0.0
    ],
    "MASS": 5.835893865106039,
    "Translation": [
      -7240.0,
      0.0,
      0.0
    ],
    "Rotation": [
      [
        -1.0,
        0.0,
        0.0
      ],
      [
        0.0,
        0.7071067811865476,
        -0.7071067811865476
      ],
      [
        0.0,
        -0.7071067811865476,
        -0.7071067811865476
      ]
    ]
  },
  "wing_pair_1_l": {
    "Name": "wing_pair_1_l",
    "CG": [
      223.19298972884795,
      0.0,
      1500.0000000000002
    ],
    "MASS": 3.0455663669392754,
    "Translation": [
      -7740.0,
      -2156.6756826189676,
      -2156.675682618972
    ],
    "Rotation": [
      [
        -1.0,
        0.0,
        -1.7484138810462616e-16
      ],
      [
        -1.2363153116085e-16,
        -0.7071067811865483,
        0.7071067811865468
      ],
      [
        -1.2363153116085026e-16,
        0.7071067811865468,
        0.7071067811865483
      ]
    ]
  },
  "wing_pair_1_r": {
    "Name": "wing_pair_1_r",
    "CG": [
      223.19298972884795,
      0.0,
      1500.0000000000002
    ],
    "MASS": 3.0455663669392754,
    "Translation": [
      -7740.0,
      35.35533905932738,
      -35.35533905932738
    ],
    "Rotation": [
      [
        -1.0,
        0.0,
        0.0
      ],
      [
        0.0,
        0.7071067811865475,
        0.7071067811865477
      ],
      [
        0.0,
        0.7071067811865477,
        -0.7071067811865475
      ]
    ]
  },
  "fork_l_2": {
    "Name": "fork_l_2",
    "CG": [
      750.0047788056127,
      0.0,
      0.0
    ],
    "MASS": 5.835893865106039,
    "Translation": [
      -4240.0,
      -50.0,
      -1.2789769243681803e-13
    ],
    "Rotation": [
      [
        -0.0,
        -1.0,
        -6.123233995736766e-17
      ],
      [
        -1.0,
        -3.749399456654644e-33,
        6.123233995736766e-17
      ],
      [
        -6.123233995736766e-17,
        6.123233995736766e-17,
        -1.0
      ]
    ]
  },
  "post_l_2": {
    "Name": "post_l_2",
    "CG": [
      249.99998895212968,
      0.0,
      0.0
    ],
    "MASS": 1.9395911911056019,
    "Translation": [
      -4240.0,
      -800.0,
      -50.00000000000017
    ],
    "Rotation": [
      [
        -6.123233995736766e-17,
        -1.8369701987210297e-16,
        1.0
      ],
      [
        6.123233995736766e-17,
        1.0,
        1.8369701987210297e-16
      ],
      [
        -1.0,
        6.123233995736767e-17,
        -6.123233995736765e-17
      ]
    ]
  },
  "fork_post_mp_3_motor": {
    "Name": "fork_post_mp_3_motor",
    "CG": [
      0.0,
      70.0231557879992,
      0.00091554108992975
    ],
    "MASS": 35.0,
    "Translation": [
      -4240.0,
      -800.0,
      -690.0000000000002
    ],
    "Rotation": [
      [
        -1.0,
        6.123233995736766e-17,
        -1.8369701987210297e-16
      ],
      [
        -1.8369701987210297e-16,
        -6.123233995736766e-17,
        1.0
      ],
      [
        6.123233995736765e-17,
        1.0,
        6.123233995736767e-17
      ]
    ]
  },
  "fork_post_mp_3_prop": {
    "Name": "fork_post_mp_3_prop",
    "CG": [
      0.0,
      0.0,
      59.055
    ],
    "MASS": 0.831,
    "Translation": [
      -4240.0,
      -800.0,
      -808.1100000000002
    ],
    "Rotation": [
      [
        -3.0616143922368954e-16,
        -1.0,
        6.123233995736766e-17
      ],
      [
        1.0,
        -3.0616143922368954e-16,
        -6.123233995736766e-17
      ],
      [
        6.123233995736769e-17,
        6.123233995736764e-17,
        1.0
      ]
    ]
  },
  "fork_r_2": {
    "Name": "fork_r_2",
    "CG": [
      750.0047788056127,
      0.0,
      0.0
    ],
    "MASS": 5.835893865106039,
    "Translation": [
      -4240.0,
      50.0,
      0.0
    ],
    "Rotation": [
      [
        0.0,
        -1.0,
        -6.123233995736766e-17
      ],
      [
        1.0,
        1.1248198369963932e-32,
        -1.8369701987210297e-16
      ],
      [
        1.8369701987210297e-16,
        -6.123233995736766e-17,
        1.0
      ]
    ]
  },
  "post_r_2": {
    "Name": "post_r_2",
    "CG": [
      249.99998895212968,
      0.0,
      0.0
    ],
    "MASS": 1.9395911911056019,
    "Translation": [
      -4240.0,
      800.0,
      -49.999999999999865
    ],
    "Rotation": [
      [
        1.8369701987210297e-16,
        -6.123233995736766e-17,
        1.0
      ],
      [
        1.8369701987210297e-16,
        1.0,
        6.123233995736762e-17
      ],
      [
        -1.0,
        1.8369701987210297e-16,
        1.8369701987210297e-16
      ]
    ]
  },
  "fork_post_mp_4_motor": {
    "Name": "fork_post_mp_4_motor",
    "CG": [
      0.0,
      70.0231557879992,
      0.00091554108992975
    ],
    "MASS": 35.0,
    "Translation": [
      -4240.0,
      800.0000000000001,
      -689.9999999999999
    ],
    "Rotation": [
      [
        -1.0,
        -1.8369701987210297e-16,
        -6.123233995736766e-17
      ],
      [
        -6.123233995736762e-17,
        -1.8369701987210297e-16,
        1.0
      ],
      [
        -1.8369701987210297e-16,
        1.0,
        1.8369701987210297e-16
      ]
    ]
  },
  "fork_post_mp_4_prop": {
    "Name": "fork_post_mp_4_prop",
    "CG": [
      0.0,
      0.0,
      59.055
    ],
    "MASS": 0.831,
    "Translation": [
      -4240.0,
      800.0000000000001,
      -808.1099999999999
    ],
    "Rotation": [
      [
        -1.8369675930895425e-16,
        -1.0,
        -1.8369701987210297e-16
      ],
      [
        1.0,
        -1.836967593089542e-16,
        -1.8369701987210297e-16
      ],
      [
        1.8369701987210294e-16,
        -1.83697019872103e-16,
        1.0
      ]
    ]
  },
  "fork_l_1": {
    "Name": "fork_l_1",
    "CG": [
      750.0047788056127,
      0.0,
      0.0
    ],
    "MASS": 5.835893865106039,
    "Translation": [
      -2240.0,
      -50.0,
      -1.2789769243681803e-13
    ],
    "Rotation": [
      [
        -0.0,
        -1.0,
        -6.123233995736766e-17
      ],
      [
        -1.0,
        -3.749399456654644e-33,
        6.123233995736766e-17
      ],
      [
        -6.123233995736766e-17,
        6.123233995736766e-17,
        -1.0
      ]
    ]
  },
  "post_l_1": {
    "Name": "post_l_1",
    "CG": [
      249.99998895212968,
      0.0,
      0.0
    ],
    "MASS": 1.9395911911056019,
    "Translation": [
      -2240.0,
      -800.0,
      -50.00000000000017
    ],
    "Rotation": [
      [
        -6.123233995736766e-17,
        -1.8369701987210297e-16,
        1.0
      ],
      [
        6.123233995736766e-17,
        1.0,
        1.8369701987210297e-16
      ],
      [
        -1.0,
        6.123233995736767e-17,
        -6.123233995736765e-17
      ]
    ]
  },
  "fork_post_mp_1_motor": {
    "Name": "fork_post_mp_1_motor",
    "CG": [
      0.0,
      70.0231557879992,
      0.00091554108992975
    ],
    "MASS": 35.0,
    "Translation": [
      -2240.0,
      -800.0,
      -690.0000000000002
    ],
    "Rotation": [
      [
        -1.0,
        6.123233995736766e-17,
        -1.8369701987210297e-16
      ],
      [
        -1.8369701987210297e-16,
        -6.123233995736766e-17,
        1.0
      ],
      [
        6.123233995736765e-17,
        1.0,
        6.123233995736767e-17
      ]
    ]
  },
  "fork_post_mp_1_prop": {
    "Name": "fork_post_mp_1_prop",
    "CG": [
      0.0,
      0.0,
      59.055
    ],
    "MASS": 0.831,
    "Translation": [
      -2240.0,
      -800.0,
      -808.1100000000002
    ],
    "Rotation": [
      [
        -3.0616143922368954e-16,
        -1.0,
        6.123233995736766e-17
      ],
      [
        1.0,
        -3.0616143922368954e-16,
        -6.123233995736766e-17
      ],
      [
        6.123233995736769e-17,
        6.123233995736764e-17,
        1.0
      ]
    ]
  },
  "fork_r_1": {
    "Name": "fork_r_1",
    "CG": [
      750.0047788056127,
      0.0,
      0.0
    ],
    "MASS": 5.835893865106039,
    "Translation": [
      -2240.0,
      50.0,
      0.0
    ],
    "Rotation": [
      [
        0.0,
        -1.0,
        -6.123233995736766e-17
      ],
      [
        1.0,
        1.1248198369963932e-32,
        -1.8369701987210297e-16
      ],
      [
        1.8369701987210297e-16,
        -6.123233995736766e-17,
        1.0
      ]
    ]
  },
  "post_r_1": {
    "Name": "post_r_1",
    "CG": [
      249.99998895212968,
      0.0,
      0.0
    ],
    "MASS": 1.9395911911056019,
    "Translation": [
      -2240.0,
      800.0,
      -49.999999999999865
    ],
    "Rotation": [
      [
        1.8369701987210297e-16,
        -6.123233995736766e-17,
        1.0
      ],
      [
        1.8369701987210297e-16,
        1.0,
        6.123233995736762e-17
      ],
      [
        -1.0,
        1.8369701987210297e-16,
        1.8369701987210297e-16
      ]
    ]
  },
  "fork_post_mp_2_motor": {
    "Name": "fork_post_mp_2_motor",
    "CG": [
      0.0,
      70.0231557879992,
      0.00091554108992975
    ],
    "MASS": 35.0,
    "Translation": [
      -2240.0,
      800.0000000000001,
      -689.9999999999999
    ],
    "Rotation": [
      [
        -1.0,
        -1.8369701987210297e-16,
        -6.123233995736766e-17
      ],
      [
        -6.123233995736762e-17,
        -1.8369701987210297e-16,
        1.0
      ],
      [
        -1.8369701987210297e-16,
        1.0,
        1.8369701987210297e-16
      ]
    ]
  },
  "fork_post_mp_2_prop": {
    "Name": "fork_post_mp_2_prop",
    "CG": [
      0.0,
      0.0,
      59.055
    ],
    "MASS": 0.831,
    "Translation": [
      -2240.0,
      800.0000000000001,
      -808.1099999999999
    ],
    "Rotation": [
      [
        -1.8369675930895425e-16,
        -1.0,
        -1.8369701987210297e-16
      ],
      [
        1.0,
        -1.836967593089542e-16,
        -1.8369701987210297e-16
      ],
      [
        1.8369701987210294e-16,
        -1.83697019872103e-16,
        1.0
      ]
    ]
  },
  "left_wing": {
    "Name": "left_wing",
    "CG": [
      625.1508918028576,
      0.0,
      4000.0000000000014
    ],
    "MASS": 20.391462835134664,
    "Translation": [
      549.9999999999994,
      -8760.0,
      -8.648013878087106e-12
    ],
    "Rotation": [
      [
        -1.0,
        0.0,
        6.614824397802743e-17
      ],
      [
        6.614824397802743e-17,
        -1.0587972742683852e-15,
        1.0
      ],
      [
        7.003758042157557e-32,
        1.0,
        1.0587972742683852e-15
      ]
    ]
  },
  "left_battery": {
    "Name": "left_battery",
    "CG": [
      525.0,
      0.0,
      3980.952380952381
    ],
    "MASS": 26.752,
    "Translation": [
      550.0,
      -8721.904761904763,
      -1.6626700016786344e-12
    ],
    "Rotation": [
      [
        -1.0,
        5.788634513303916e-32,
        0.0
      ],
      [
        0.0,
        -1.8369701987210292e-16,
        1.0
      ],
      [
        5.788634513303916e-32,
        1.0,
        1.8369701987210292e-16
      ]
    ]
  },
  "right_wing": {
    "Name": "right_wing",
    "CG": [
      625.1508918028576,
      0.0,
      4000.0000000000014
    ],
    "MASS": 20.391462835134664,
    "Translation": [
      550.0,
      760.0,
      -7.999999999999922
    ],
    "Rotation": [
      [
        -1.0,
        -8.035122827338563e-81,
        0.0
      ],
      [
        4.920093725628002e-97,
        -6.123233995736767e-17,
        1.0
      ],
      [
        -8.035122827338563e-81,
        1.0,
        6.123233995736767e-17
      ]
    ]
  },
  "right_battery": {
    "Name": "right_battery",
    "CG": [
      525.0,
      0.0,
      3980.952380952381
    ],
    "MASS": 26.752,
    "Translation": [
      550.0,
      760.0,
      -7.999999999999929
    ],
    "Rotation": [
      [
        -1.0,
        -8.035122827338563e-81,
        0.0
      ],
      [
        4.920093725628002e-97,
        -6.123233995736767e-17,
        1.0
      ],
      [
        -8.035122827338563e-81,
        1.0,
        6.123233995736767e-17
      ]
    ]
  },
  "tbar_post_2": {
    "Name": "tbar_post_2",
    "CG": [
      1000.0001893049277,
      0.0,
      0.0
    ],
    "MASS": 7.7839875359746395,
    "Translation": [
      -150.0,
      -2.1316282072803006e-13,
      760.0
    ],
    "Rotation": [
      [
        0.0,
        -1.0,
        -6.123233995736766e-17
      ],
      [
        -2.4492935982947064e-16,
        6.123233995736766e-17,
        -1.0
      ],
      [
        1.0,
        1.4997597826618576e-32,
        -2.4492935982947064e-16
      ]
    ]
  },
  "t_post_mp_bottom_motor": {
    "Name": "t_post_mp_bottom_motor",
    "CG": [
      0.0,
      70.0231557879992,
      0.00091554108992975
    ],
    "MASS": 35.0,
    "Translation": [
      -150.0,
      -7.373116507630973e-13,
      2900.0
    ],
    "Rotation": [
      [
        6.123233995736766e-17,
        0.0,
        -1.0
      ],
      [
        1.0,
        2.4492935982947064e-16,
        6.123233995736766e-17
      ],
      [
        2.4492935982947064e-16,
        -1.0,
        1.4997597826618576e-32
      ]
    ]
  },
  "t_post_mp_bottom_prop": {
    "Name": "t_post_mp_bottom_prop",
    "CG": [
      0.0,
      0.0,
      59.055
    ],
    "MASS": 0.831,
    "Translation": [
      -150.0,
      -7.662402635757901e-13,
      3018.11
    ],
    "Rotation": [
      [
        -1.0,
        1.8369675930895425e-16,
        0.0
      ],
      [
        1.8369675930895425e-16,
        1.0,
        2.4492935982947064e-16
      ],
      [
        4.4992729660290513e-32,
        2.4492935982947064e-16,
        -1.0
      ]
    ]
  },
  "tbar_cross_2": {
    "Name": "tbar_cross_2",
    "CG": [
      500.0000410528325,
      0.0,
      0.0
    ],
    "MASS": 3.887774502129468,
    "Translation": [
      -200.0,
      -4.550305635596324e-13,
      1760.0
    ],
    "Rotation": [
      [
        -1.0,
        2.4492935982947064e-16,
        2.999519565323715e-32
      ],
      [
        2.4492935982947064e-16,
        1.0,
        3.6739403974420594e-16
      ],
      [
        5.99903913064743e-32,
        3.6739403974420594e-16,
        -1.0
      ]
    ]
  },
  "t_cross_mp_bottom_motor": {
    "Name": "t_cross_mp_bottom_motor",
    "CG": [
      0.0,
      70.0231557879992,
      0.00091554108992975
    ],
    "MASS": 35.0,
    "Translation": [
      -1340.0,
      -1.758110933540358e-13,
      1760.0
    ],
    "Rotation": [
      [
        -2.999519565323715e-32,
        1.0,
        2.4492935982947064e-16
      ],
      [
        -3.6739403974420594e-16,
        -2.4492935982947064e-16,
        1.0
      ],
      [
        1.0,
        -5.99903913064743e-32,
        3.6739403974420594e-16
      ]
    ]
  },
  "t_cross_mp_bottom_prop": {
    "Name": "t_cross_mp_bottom_prop",
    "CG": [
      0.0,
      0.0,
      59.055
    ],
    "MASS": 0.831,
    "Translation": [
      -1458.11,
      -1.4688248666457704e-13,
      1760.0
    ],
    "Rotation": [
      [
        2.4492935982947064e-16,
        -5.999032748690909e-32,
        1.0
      ],
      [
        1.0,
        -4.898584590957926e-16,
        -2.4492935982947064e-16
      ],
      [
        4.898584590957926e-16,
        1.0,
        -5.99903913064743e-32
      ]
    ]
  },
  "passenger2": {
    "Name": "passenger2",
    "CG": [
      -84.7353088765274,
      0.0,
      -541.7015266436733
    ],
    "MASS": 90.0,
    "Translation": [
      5.6292719621909555,
      210.0,
      573.7500000000001
    ],
    "Rotation": [
      [
        0.8660254037844387,
        2.0543219653946353e-18,
        0.49999999999999994
      ],
      [
        -2.3721266794455074e-18,
        1.0,
        0.0
      ],
      [
        -0.49999999999999994,
        -1.1860633397227535e-18,
        0.8660254037844387
      ]
    ]
  },
  "Orient": {
    "Name": "Orient",
    "CG": [
      0.0,
      0.0,
      0.0
    ],
    "MASS": 1e-07,
    "Translation": [
      0.0,
      0.0,
      0.0
    ],
    "Rotation": [
      [
        1.0,
        0.0,
        0.0
      ],
      [
        0.0,
        1.0,
        0.0
      ],
      [
        0.0,
        0.0,
        1.0
      ]
    ]
  }
}