{
  "fuselage": {
    "Name": "fuselage",
    "CG": [
      -219.56636122546016,
      0.0,
      19.090285967292782
    ],
    "MASS": 185.6406258571154,
    "Translation": [
      0.0,
      0.0,
      0.0
    ],
    "Rotation": [
      [
        1.0,
        0.0,
        0.0
      ],
      [
        0.0,
        1.0,
        0.0
      ],
      [
        0.0,
        0.0,
        1.0
      ]
    ]
  },
  "cross_tower_bottom": {
    "Name": "cross_tower_bottom",
    "CG": [
      49.99999996574156,
      0.0,
      0.0
    ],
    "MASS": 0.3809882905275805,
    "Translation": [
      -75.0,
      7.105427357601002e-14,
      -760.0
    ],
    "Rotation": [
      [
        0.0,
        4.017561413669283e-81,
        -1.0
      ],
      [
        1.2246467991473532e-16,
        -1.0,
        -4.017561413669283e-81
      ],
      [
        -1.0,
        -1.2246467991473532e-16,
        -4.920093725628002e-97
      ]
    ]
  },
  "cross_tower_bottom_TOP": {
    "Name": "cross_tower_bottom_TOP",
    "CG": [
      150.00000014570531,
      0.0,
      0.0
    ],
    "MASS": 1.1602654316261813,
    "Translation": [
      -125.0,
      7.717750757174679e-14,
      -810.0
    ],
    "Rotation": [
      [
        -1.0,
        -4.017561413669283e-81,
        0.0
      ],
      [
        -4.017561413669283e-81,
        1.0,
        1.2246467991473532e-16
      ],
      [
        -4.920093725628002e-97,
        1.2246467991473532e-16,
        -1.0
      ]
    ]
  },
  "cross_tower_bottom_RIGHT": {
    "Name": "cross_tower_bottom_RIGHT",
    "CG": [
      150.00000014570531,
      0.0,
      0.0
    ],
    "MASS": 1.1602654316261813,
    "Translation": [
      -75.0,
      -49.99999999999992,
      -810.0
    ],
    "Rotation": [
      [
        1.8369701987210297e-16,
        -1.0,
        0.0
      ],
      [
        -1.0,
        -1.8369701987210297e-16,
        1.2246467991473532e-16
      ],
      [
        -1.2246467991473532e-16,
        -2.2496396739927864e-32,
        -1.0
      ]
    ]
  },
  "cross_tower_middle": {
    "Name": "cross_tower_middle",
    "CG": [
      49.99999996574156,
      0.0,
      0.0
    ],
    "MASS": 0.3809882905275805,
    "Translation": [
      -75.0,
      8.330074156748355e-14,
      -860.0
    ],
    "Rotation": [
      [
        0.0,
        -0.7071067811865475,
        -0.7071067811865475
      ],
      [
        1.224646799147353e-16,
        -0.7071067811865475,
        0.7071067811865475
      ],
      [
        -0.9999999999999998,
        -8.659560562354932e-17,
        8.659560562354932e-17
      ]
    ]
  },
  "cross_tower_middle_BOTTOM": {
    "Name": "cross_tower_middle_BOTTOM",
    "CG": [
      150.00000014570531,
      0.0,
      0.0
    ],
    "MASS": 1.1602654316261813,
    "Translation": [
      -39.64466094067263,
      -35.35533905932728,
      -910.0
    ],
    "Rotation": [
      [
        0.7071067811865476,
        -0.7071067811865474,
        0.0
      ],
      [
        -0.7071067811865474,
        -0.7071067811865476,
        1.224646799147353e-16
      ],
      [
        -8.65956056235493e-17,
        -8.659560562354933e-17,
        -0.9999999999999999
      ]
    ]
  },
  "cross_tower_top": {
    "Name": "cross_tower_top",
    "CG": [
      49.99999996574156,
      0.0,
      0.0
    ],
    "MASS": 0.3809882905275805,
    "Translation": [
      -75.0,
      9.554720955895707e-14,
      -960.0
    ],
    "Rotation": [
      [
        0.0,
        -0.7071067811865475,
        -0.7071067811865475
      ],
      [
        1.2246467991473532e-16,
        -0.7071067811865475,
        0.7071067811865475
      ],
      [
        -1.0,
        -8.659560562354932e-17,
        8.659560562354932e-17
      ]
    ]
  },
  "cross_tower_top_RIGHT": {
    "Name": "cross_tower_top_RIGHT",
    "CG": [
      150.00000014570531,
      0.0,
      0.0
    ],
    "MASS": 1.1602654316261813,
    "Translation": [
      -110.35533905932738,
      -35.35533905932727,
      -1010.0
    ],
    "Rotation": [
      [
        -0.7071067811865474,
        -0.7071067811865476,
        0.0
      ],
      [
        -0.7071067811865476,
        0.7071067811865474,
        1.224646799147353e-16
      ],
      [
        -8.659560562354933e-17,
        8.65956056235493e-17,
        -0.9999999999999999
      ]
    ]
  },
  "cross_tower_top_TOP": {
    "Name": "cross_tower_top_TOP",
    "CG": [
      150.00000014570531,
      0.0,
      0.0
    ],
    "MASS": 1.1602654316261813,
    "Translation": [
      -110.35533905932738,
      35.35533905932747,
      -1010.0
    ],
    "Rotation": [
      [
        -0.7071067811865475,
        0.7071067811865475,
        0.0
      ],
      [
        0.7071067811865475,
        0.7071067811865475,
        1.224646799147353e-16
      ],
      [
        8.659560562354932e-17,
        8.659560562354932e-17,
        -0.9999999999999998
      ]
    ]
  },
  "cross_tower_top_BOTTOM": {
    "Name": "cross_tower_top_BOTTOM",
    "CG": [
      150.00000014570531,
      0.0,
      0.0
    ],
    "MASS": 1.1602654316261813,
    "Translation": [
      -39.64466094067263,
      -35.35533905932727,
      -1010.0
    ],
    "Rotation": [
      [
        0.7071067811865476,
        -0.7071067811865474,
        0.0
      ],
      [
        -0.7071067811865474,
        -0.7071067811865476,
        1.224646799147353e-16
      ],
      [
        -8.65956056235493e-17,
        -8.659560562354933e-17,
        -0.9999999999999999
      ]
    ]
  },
  "cross_tower_top_LEFT": {
    "Name": "cross_tower_top_LEFT",
    "CG": [
      150.00000014570531,
      0.0,
      0.0
    ],
    "MASS": 1.1602654316261813,
    "Translation": [
      -39.64466094067262,
      35.35533905932746,
      -1010.0
    ],
    "Rotation": [
      [
        0.7071067811865475,
        0.7071067811865475,
        0.0
      ],
      [
        0.7071067811865475,
        -0.7071067811865475,
        1.224646799147353e-16
      ],
      [
        8.659560562354932e-17,
        -8.659560562354932e-17,
        -0.9999999999999998
      ]
    ]
  },
  "cross_tower_middle_RIGHT": {
    "Name": "cross_tower_middle_RIGHT",
    "CG": [
      150.00000014570531,
      0.0,
      0.0
    ],
    "MASS": 1.1602654316261813,
    "Translation": [
      -110.35533905932738,
      -35.35533905932728,
      -910.0
    ],
    "Rotation": [
      [
        -0.7071067811865474,
        -0.7071067811865476,
        0.0
      ],
      [
        -0.7071067811865476,
        0.7071067811865474,
        1.224646799147353e-16
      ],
      [
        -8.659560562354933e-17,
        8.65956056235493e-17,
        -0.9999999999999999
      ]
    ]
  },
  "cross_tower_middle_TOP": {
    "Name": "cross_tower_middle_TOP",
    "CG": [
      150.00000014570531,
      0.0,
      0.0
    ],
    "MASS": 1.1602654316261813,
    "Translation": [
      -110.35533905932738,
      35.35533905932746,
      -910.0
    ],
    "Rotation": [
      [
        -0.7071067811865475,
        0.7071067811865475,
        0.0
      ],
      [
        0.7071067811865475,
        0.7071067811865475,
        1.224646799147353e-16
      ],
      [
        8.659560562354932e-17,
        8.659560562354932e-17,
        -0.9999999999999998
      ]
    ]
  },
  "cross_tower_middle_LEFT": {
    "Name": "cross_tower_middle_LEFT",
    "CG": [
      150.00000014570531,
      0.0,
      0.0
    ],
    "MASS": 1.1602654316261813,
    "Translation": [
      -39.64466094067262,
      35.355339059327456,
      -910.0
    ],
    "Rotation": [
      [
        0.7071067811865475,
        0.7071067811865475,
        0.0
      ],
      [
        0.7071067811865475,
        -0.7071067811865475,
        1.224646799147353e-16
      ],
      [
        8.659560562354932e-17,
        -8.659560562354932e-17,
        -0.9999999999999998
      ]
    ]
  },
  "cross_tower_bottom_BOTTOM": {
    "Name": "cross_tower_bottom_BOTTOM",
    "CG": [
      150.00000014570531,
      0.0,
      0.0
    ],
    "MASS": 1.1602654316261813,
    "Translation": [
      -25.0,
      7.717750757174679e-14,
      -810.0
    ],
    "Rotation": [
      [
        1.0,
        1.2246467991473532e-16,
        0.0
      ],
      [
        1.2246467991473532e-16,
        -1.0,
        1.2246467991473532e-16
      ],
      [
        1.4997597826618576e-32,
        -1.2246467991473532e-16,
        -1.0
      ]
    ]
  },
  "cross_tower_bottom_LEFT": {
    "Name": "cross_tower_bottom_LEFT",
    "CG": [
      150.00000014570531,
      0.0,
      0.0
    ],
    "MASS": 1.1602654316261813,
    "Translation": [
      -74.99999999999999,
      50.00000000000008,
      -810.0
    ],
    "Rotation": [
      [
        -6.123233995736766e-17,
        1.0,
        0.0
      ],
      [
        1.0,
        6.123233995736766e-17,
        1.2246467991473532e-16
      ],
      [
        1.2246467991473532e-16,
        7.498798913309288e-33,
        -1.0
      ]
    ]
  },
  "passenger1": {
    "Name": "passenger1",
    "CG": [
      -84.7353088765274,
      0.0,
      -541.7015266436733
    ],
    "MASS": 90.0,
    "Translation": [
      5.6292719621909555,
      -210.0,
      573.7500000000001
    ],
    "Rotation": [
      [
        0.8660254037844387,
        2.0543219653946353e-18,
        0.49999999999999994
      ],
      [
        -2.3721266794455074e-18,
        1.0,
        0.0
      ],
      [
        -0.49999999999999994,
        -1.1860633397227535e-18,
        0.8660254037844387
      ]
    ]
  },
  "right_wing": {
    "Name": "right_wing",
    "CG": [
      625.1508918028576,
      0.0,
      4000.0000000000014
    ],
    "MASS": 20.391462835134664,
    "Translation": [
      325.0,
      760.0,
      -7.999999999999972
    ],
    "Rotation": [
      [
        -1.0,
        -8.035122827338563e-81,
        0.0
      ],
      [
        4.920093725628002e-97,
        -6.123233995736767e-17,
        1.0
      ],
      [
        -8.035122827338563e-81,
        1.0,
        6.123233995736767e-17
      ]
    ]
  },
  "right_battery": {
    "Name": "right_battery",
    "CG": [
      525.0,
      0.0,
      3980.952380952381
    ],
    "MASS": 26.752,
    "Translation": [
      325.0,
      760.0,
      -7.999999999999979
    ],
    "Rotation": [
      [
        -1.0,
        -8.035122827338563e-81,
        0.0
      ],
      [
        4.920093725628002e-97,
        -6.123233995736767e-17,
        1.0
      ],
      [
        -8.035122827338563e-81,
        1.0,
        6.123233995736767e-17
      ]
    ]
  },
  "passenger2": {
    "Name": "passenger2",
    "CG": [
      -84.7353088765274,
      0.0,
      -541.7015266436733
    ],
    "MASS": 90.0,
    "Translation": [
      5.6292719621909555,
      210.0,
      573.7500000000001
    ],
    "Rotation": [
      [
        0.8660254037844387,
        2.0543219653946353e-18,
        0.49999999999999994
      ],
      [
        -2.3721266794455074e-18,
        1.0,
        0.0
      ],
      [
        -0.49999999999999994,
        -1.1860633397227535e-18,
        0.8660254037844387
      ]
    ]
  },
  "left_wing": {
    "Name": "left_wing",
    "CG": [
      625.1508918028576,
      0.0,
      4000.0000000000014
    ],
    "MASS": 20.391462835134664,
    "Translation": [
      324.99999999999943,
      -8760.0,
      -8.587808181494851e-12
    ],
    "Rotation": [
      [
        -1.0,
        0.0,
        6.614824397802743e-17
      ],
      [
        6.614824397802743e-17,
        -1.0587972742683852e-15,
        1.0
      ],
      [
        7.003758042157557e-32,
        1.0,
        1.0587972742683852e-15
      ]
    ]
  },
  "left_battery": {
    "Name": "left_battery",
    "CG": [
      525.0,
      0.0,
      3980.952380952381
    ],
    "MASS": 26.752,
    "Translation": [
      325.0,
      -8721.904761904763,
      -1.6058265828178264e-12
    ],
    "Rotation": [
      [
        -1.0,
        5.788634513303916e-32,
        0.0
      ],
      [
        0.0,
        -1.8369701987210292e-16,
        1.0
      ],
      [
        5.788634513303916e-32,
        1.0,
        1.8369701987210292e-16
      ]
    ]
  },
  "cylinder_0": {
    "Name": "cylinder_0",
    "CG": [
      1000.0001893049277,
      0.0,
      0.0
    ],
    "MASS": 7.7839875359746395,
    "Translation": [
      -1240.0,
      0.0,
      0.0
    ],
    "Rotation": [
      [
        -1.0,
        0.0,
        0.0
      ],
      [
        0.0,
        1.0,
        0.0
      ],
      [
        0.0,
        0.0,
        -1.0
      ]
    ]
  },
  "fork_l_1": {
    "Name": "fork_l_1",
    "CG": [
      750.0047788056127,
      0.0,
      0.0
    ],
    "MASS": 5.835893865106039,
    "Translation": [
      -2240.0,
      -50.0,
      -1.2789769243681803e-13
    ],
    "Rotation": [
      [
        -0.0,
        -1.0,
        -6.123233995736766e-17
      ],
      [
        -1.0,
        -3.749399456654644e-33,
        6.123233995736766e-17
      ],
      [
        -6.123233995736766e-17,
        6.123233995736766e-17,
        -1.0
      ]
    ]
  },
  "post_l_1": {
    "Name": "post_l_1",
    "CG": [
      249.99998895212968,
      0.0,
      0.0
    ],
    "MASS": 1.9395911911056019,
    "Translation": [
      -2240.0,
      -800.0,
      -50.00000000000017
    ],
    "Rotation": [
      [
        -6.123233995736766e-17,
        -1.8369701987210297e-16,
        1.0
      ],
      [
        6.123233995736766e-17,
        1.0,
        1.8369701987210297e-16
      ],
      [
        -1.0,
        6.123233995736767e-17,
        -6.123233995736765e-17
      ]
    ]
  },
  "fork_post_mp_1_motor": {
    "Name": "fork_post_mp_1_motor",
    "CG": [
      0.0,
      70.0231557879992,
      0.00091554108992975
    ],
    "MASS": 35.0,
    "Translation": [
      -2240.0,
      -800.0,
      -690.0000000000002
    ],
    "Rotation": [
      [
        -1.0,
        6.123233995736766e-17,
        -1.8369701987210297e-16
      ],
      [
        -1.8369701987210297e-16,
        -6.123233995736766e-17,
        1.0
      ],
      [
        6.123233995736765e-17,
        1.0,
        6.123233995736767e-17
      ]
    ]
  },
  "fork_post_mp_1_prop": {
    "Name": "fork_post_mp_1_prop",
    "CG": [
      0.0,
      0.0,
      59.055
    ],
    "MASS": 0.831,
    "Translation": [
      -2240.0,
      -800.0,
      -808.1100000000002
    ],
    "Rotation": [
      [
        -3.0616143922368954e-16,
        -1.0,
        6.123233995736766e-17
      ],
      [
        1.0,
        -3.0616143922368954e-16,
        -6.123233995736766e-17
      ],
      [
        6.123233995736769e-17,
        6.123233995736764e-17,
        1.0
      ]
    ]
  },
  "fork_r_1": {
    "Name": "fork_r_1",
    "CG": [
      750.0047788056127,
      0.0,
      0.0
    ],
    "MASS": 5.835893865106039,
    "Translation": [
      -2240.0,
      50.0,
      0.0
    ],
    "Rotation": [
      [
        0.0,
        -1.0,
        -6.123233995736766e-17
      ],
      [
        1.0,
        1.1248198369963932e-32,
        -1.8369701987210297e-16
      ],
      [
        1.8369701987210297e-16,
        -6.123233995736766e-17,
        1.0
      ]
    ]
  },
  "post_r_1": {
    "Name": "post_r_1",
    "CG": [
      249.99998895212968,
      0.0,
      0.0
    ],
    "MASS": 1.9395911911056019,
    "Translation": [
      -2240.0,
      800.0,
      -49.999999999999865
    ],
    "Rotation": [
      [
        1.8369701987210297e-16,
        -6.123233995736766e-17,
        1.0
      ],
      [
        1.8369701987210297e-16,
        1.0,
        6.123233995736762e-17
      ],
      [
        -1.0,
        1.8369701987210297e-16,
        1.8369701987210297e-16
      ]
    ]
  },
  "fork_post_mp_2_motor": {
    "Name": "fork_post_mp_2_motor",
    "CG": [
      0.0,
      70.0231557879992,
      0.00091554108992975
    ],
    "MASS": 35.0,
    "Translation": [
      -2240.0,
      800.0000000000001,
      -689.9999999999999
    ],
    "Rotation": [
      [
        -1.0,
        -1.8369701987210297e-16,
        -6.123233995736766e-17
      ],
      [
        -6.123233995736762e-17,
        -1.8369701987210297e-16,
        1.0
      ],
      [
        -1.8369701987210297e-16,
        1.0,
        1.8369701987210297e-16
      ]
    ]
  },
  "fork_post_mp_2_prop": {
    "Name": "fork_post_mp_2_prop",
    "CG": [
      0.0,
      0.0,
      59.055
    ],
    "MASS": 0.831,
    "Translation": [
      -2240.0,
      800.0000000000001,
      -808.1099999999999
    ],
    "Rotation": [
      [
        -1.8369675930895425e-16,
        -1.0,
        -1.8369701987210297e-16
      ],
      [
        1.0,
        -1.836967593089542e-16,
        -1.8369701987210297e-16
      ],
      [
        1.8369701987210294e-16,
        -1.83697019872103e-16,
        1.0
      ]
    ]
  },
  "cylinder_1": {
    "Name": "cylinder_1",
    "CG": [
      1000.0001893049277,
      0.0,
      0.0
    ],
    "MASS": 7.7839875359746395,
    "Translation": [
      -3240.0,
      0.0,
      0.0
    ],
    "Rotation": [
      [
        -1.0,
        0.0,
        0.0
      ],
      [
        0.0,
        1.0,
        0.0
      ],
      [
        0.0,
        0.0,
        -1.0
      ]
    ]
  },
  "fork_r_2": {
    "Name": "fork_r_2",
    "CG": [
      750.0047788056127,
      0.0,
      0.0
    ],
    "MASS": 5.835893865106039,
    "Translation": [
      -4240.0,
      50.0,
      0.0
    ],
    "Rotation": [
      [
        0.0,
        -1.0,
        -6.123233995736766e-17
      ],
      [
        1.0,
        1.1248198369963932e-32,
        -1.8369701987210297e-16
      ],
      [
        1.8369701987210297e-16,
        -6.123233995736766e-17,
        1.0
      ]
    ]
  },
  "post_r_2": {
    "Name": "post_r_2",
    "CG": [
      249.99998895212968,
      0.0,
      0.0
    ],
    "MASS": 1.9395911911056019,
    "Translation": [
      -4240.0,
      800.0,
      -49.999999999999865
    ],
    "Rotation": [
      [
        1.8369701987210297e-16,
        -6.123233995736766e-17,
        1.0
      ],
      [
        1.8369701987210297e-16,
        1.0,
        6.123233995736762e-17
      ],
      [
        -1.0,
        1.8369701987210297e-16,
        1.8369701987210297e-16
      ]
    ]
  },
  "fork_post_mp_4_motor": {
    "Name": "fork_post_mp_4_motor",
    "CG": [
      0.0,
      70.0231557879992,
      0.00091554108992975
    ],
    "MASS": 35.0,
    "Translation": [
      -4240.0,
      800.0000000000001,
      -689.9999999999999
    ],
    "Rotation": [
      [
        -1.0,
        -1.8369701987210297e-16,
        -6.123233995736766e-17
      ],
      [
        -6.123233995736762e-17,
        -1.8369701987210297e-16,
        1.0
      ],
      [
        -1.8369701987210297e-16,
        1.0,
        1.8369701987210297e-16
      ]
    ]
  },
  "fork_post_mp_4_prop": {
    "Name": "fork_post_mp_4_prop",
    "CG": [
      0.0,
      0.0,
      59.055
    ],
    "MASS": 0.831,
    "Translation": [
      -4240.0,
      800.0000000000001,
      -808.1099999999999
    ],
    "Rotation": [
      [
        -1.8369675930895425e-16,
        -1.0,
        -1.8369701987210297e-16
      ],
      [
        1.0,
        -1.836967593089542e-16,
        -1.8369701987210297e-16
      ],
      [
        1.8369701987210294e-16,
        -1.83697019872103e-16,
        1.0
      ]
    ]
  },
  "fork_l_2": {
    "Name": "fork_l_2",
    "CG": [
      750.0047788056127,
      0.0,
      0.0
    ],
    "MASS": 5.835893865106039,
    "Translation": [
      -4240.0,
      -50.0,
      -1.2789769243681803e-13
    ],
    "Rotation": [
      [
        -0.0,
        -1.0,
        -6.123233995736766e-17
      ],
      [
        -1.0,
        -3.749399456654644e-33,
        6.123233995736766e-17
      ],
      [
        -6.123233995736766e-17,
        6.123233995736766e-17,
        -1.0
      ]
    ]
  },
  "post_l_2": {
    "Name": "post_l_2",
    "CG": [
      249.99998895212968,
      0.0,
      0.0
    ],
    "MASS": 1.9395911911056019,
    "Translation": [
      -4240.0,
      -800.0,
      -50.00000000000017
    ],
    "Rotation": [
      [
        -6.123233995736766e-17,
        -1.8369701987210297e-16,
        1.0
      ],
      [
        6.123233995736766e-17,
        1.0,
        1.8369701987210297e-16
      ],
      [
        -1.0,
        6.123233995736767e-17,
        -6.123233995736765e-17
      ]
    ]
  },
  "fork_post_mp_3_motor": {
    "Name": "fork_post_mp_3_motor",
    "CG": [
      0.0,
      70.0231557879992,
      0.00091554108992975
    ],
    "MASS": 35.0,
    "Translation": [
      -4240.0,
      -800.0,
      -690.0000000000002
    ],
    "Rotation": [
      [
        -1.0,
        6.123233995736766e-17,
        -1.8369701987210297e-16
      ],
      [
        -1.8369701987210297e-16,
        -6.123233995736766e-17,
        1.0
      ],
      [
        6.123233995736765e-17,
        1.0,
        6.123233995736767e-17
      ]
    ]
  },
  "fork_post_mp_3_prop": {
    "Name": "fork_post_mp_3_prop",
    "CG": [
      0.0,
      0.0,
      59.055
    ],
    "MASS": 0.831,
    "Translation": [
      -4240.0,
      -800.0,
      -808.1100000000002
    ],
    "Rotation": [
      [
        -3.0616143922368954e-16,
        -1.0,
        6.123233995736766e-17
      ],
      [
        1.0,
        -3.0616143922368954e-16,
        -6.123233995736766e-17
      ],
      [
        6.123233995736769e-17,
        6.123233995736764e-17,
        1.0
      ]
    ]
  },
  "cylinder_2": {
    "Name": "cylinder_2",
    "CG": [
      1000.0001893049277,
      0.0,
      0.0
    ],
    "MASS": 7.7839875359746395,
    "Translation": [
      -5240.0,
      0.0,
      0.0
    ],
    "Rotation": [
      [
        -1.0,
        0.0,
        0.0
      ],
      [
        0.0,
        1.0,
        0.0
      ],
      [
        0.0,
        0.0,
        -1.0
      ]
    ]
  },
  "fork_r_3": {
    "Name": "fork_r_3",
    "CG": [
      750.0047788056127,
      0.0,
      0.0
    ],
    "MASS": 5.835893865106039,
    "Translation": [
      -6240.0,
      50.0,
      0.0
    ],
    "Rotation": [
      [
        0.0,
        -1.0,
        -6.123233995736766e-17
      ],
      [
        1.0,
        1.1248198369963932e-32,
        -1.8369701987210297e-16
      ],
      [
        1.8369701987210297e-16,
        -6.123233995736766e-17,
        1.0
      ]
    ]
  },
  "post_r_3": {
    "Name": "post_r_3",
    "CG": [
      249.99998895212968,
      0.0,
      0.0
    ],
    "MASS": 1.9395911911056019,
    "Translation": [
      -6240.0,
      800.0,
      -49.999999999999865
    ],
    "Rotation": [
      [
        1.8369701987210297e-16,
        -6.123233995736766e-17,
        1.0
      ],
      [
        1.8369701987210297e-16,
        1.0,
        6.123233995736762e-17
      ],
      [
        -1.0,
        1.8369701987210297e-16,
        1.8369701987210297e-16
      ]
    ]
  },
  "fork_post_mp_6_motor": {
    "Name": "fork_post_mp_6_motor",
    "CG": [
      0.0,
      70.0231557879992,
      0.00091554108992975
    ],
    "MASS": 35.0,
    "Translation": [
      -6240.0,
      800.0000000000001,
      -689.9999999999999
    ],
    "Rotation": [
      [
        -1.0,
        -1.8369701987210297e-16,
        -6.123233995736766e-17
      ],
      [
        -6.123233995736762e-17,
        -1.8369701987210297e-16,
        1.0
      ],
      [
        -1.8369701987210297e-16,
        1.0,
        1.8369701987210297e-16
      ]
    ]
  },
  "fork_post_mp_6_prop": {
    "Name": "fork_post_mp_6_prop",
    "CG": [
      0.0,
      0.0,
      59.055
    ],
    "MASS": 0.831,
    "Translation": [
      -6240.0,
      800.0000000000001,
      -808.1099999999999
    ],
    "Rotation": [
      [
        -1.8369675930895425e-16,
        -1.0,
        -1.8369701987210297e-16
      ],
      [
        1.0,
        -1.836967593089542e-16,
        -1.8369701987210297e-16
      ],
      [
        1.8369701987210294e-16,
        -1.83697019872103e-16,
        1.0
      ]
    ]
  },
  "cylinder_3": {
    "Name": "cylinder_3",
    "CG": [
      1000.0001893049277,
      0.0,
      0.0
    ],
    "MASS": 7.7839875359746395,
    "Translation": [
      -7240.0,
      0.0,
      0.0
    ],
    "Rotation": [
      [
        -1.0,
        0.0,
        0.0
      ],
      [
        0.0,
        1.0,
        0.0
      ],
      [
        0.0,
        0.0,
        -1.0
      ]
    ]
  },
  "wing_pair_1": {
    "Name": "wing_pair_1",
    "CG": [
      750.0047788056127,
      0.0,
      0.0
    ],
    "MASS": 5.835893865106039,
    "Translation": [
      -9240.0,
      0.0,
      0.0
    ],
    "Rotation": [
      [
        -1.0,
        0.0,
        0.0
      ],
      [
        0.0,
        0.7071067811865476,
        -0.7071067811865476
      ],
      [
        0.0,
        -0.7071067811865476,
        -0.7071067811865476
      ]
    ]
  },
  "wing_pair_1_r": {
    "Name": "wing_pair_1_r",
    "CG": [
      223.19298972884795,
      0.0,
      1500.0000000000002
    ],
    "MASS": 3.0455663669392754,
    "Translation": [
      -9740.0,
      35.35533905932738,
      -35.35533905932738
    ],
    "Rotation": [
      [
        -1.0,
        0.0,
        0.0
      ],
      [
        0.0,
        0.7071067811865475,
        0.7071067811865477
      ],
      [
        0.0,
        0.7071067811865477,
        -0.7071067811865475
      ]
    ]
  },
  "wing_pair_1_l": {
    "Name": "wing_pair_1_l",
    "CG": [
      223.19298972884795,
      0.0,
      1500.0000000000002
    ],
    "MASS": 3.0455663669392754,
    "Translation": [
      -9740.0,
      -2156.6756826189676,
      -2156.675682618972
    ],
    "Rotation": [
      [
        -1.0,
        0.0,
        -1.7484138810462616e-16
      ],
      [
        -1.2363153116085e-16,
        -0.7071067811865483,
        0.7071067811865468
      ],
      [
        -1.2363153116085026e-16,
        0.7071067811865468,
        0.7071067811865483
      ]
    ]
  },
  "tail_tbar_cross_mp_motor": {
    "Name": "tail_tbar_cross_mp_motor",
    "CG": [
      0.0,
      70.0231557879992,
      0.00091554108992975
    ],
    "MASS": 35.0,
    "Translation": [
      -10880.0,
      0.0,
      0.0
    ],
    "Rotation": [
      [
        0.0,
        1.0,
        0.0
      ],
      [
        0.7071067811865475,
        0.0,
        0.7071067811865475
      ],
      [
        0.7071067811865475,
        0.0,
        -0.7071067811865475
      ]
    ]
  },
  "tail_tbar_cross_mp_prop": {
    "Name": "tail_tbar_cross_mp_prop",
    "CG": [
      0.0,
      0.0,
      59.055
    ],
    "MASS": 0.831,
    "Translation": [
      -10998.11,
      -4.3297802811774655e-21,
      -4.329780281177467e-21
    ],
    "Rotation": [
      [
        0.0,
        0.0,
        1.0
      ],
      [
        0.7071067811865476,
        0.7071067811865474,
        0.0
      ],
      [
        -0.7071067811865474,
        0.7071067811865476,
        0.0
      ]
    ]
  },
  "fork_l_4": {
    "Name": "fork_l_4",
    "CG": [
      750.0047788056127,
      0.0,
      0.0
    ],
    "MASS": 5.835893865106039,
    "Translation": [
      -8240.0,
      -50.0,
      -1.2789769243681803e-13
    ],
    "Rotation": [
      [
        -0.0,
        -1.0,
        -6.123233995736766e-17
      ],
      [
        -1.0,
        -3.749399456654644e-33,
        6.123233995736766e-17
      ],
      [
        -6.123233995736766e-17,
        6.123233995736766e-17,
        -1.0
      ]
    ]
  },
  "post_l_4": {
    "Name": "post_l_4",
    "CG": [
      249.99998895212968,
      0.0,
      0.0
    ],
    "MASS": 1.9395911911056019,
    "Translation": [
      -8240.0,
      -800.0,
      -50.00000000000017
    ],
    "Rotation": [
      [
        -6.123233995736766e-17,
        -1.8369701987210297e-16,
        1.0
      ],
      [
        6.123233995736766e-17,
        1.0,
        1.8369701987210297e-16
      ],
      [
        -1.0,
        6.123233995736767e-17,
        -6.123233995736765e-17
      ]
    ]
  },
  "fork_post_mp_7_motor": {
    "Name": "fork_post_mp_7_motor",
    "CG": [
      0.0,
      70.0231557879992,
      0.00091554108992975
    ],
    "MASS": 35.0,
    "Translation": [
      -8240.0,
      -800.0,
      -690.0000000000002
    ],
    "Rotation": [
      [
        -1.0,
        6.123233995736766e-17,
        -1.8369701987210297e-16
      ],
      [
        -1.8369701987210297e-16,
        -6.123233995736766e-17,
        1.0
      ],
      [
        6.123233995736765e-17,
        1.0,
        6.123233995736767e-17
      ]
    ]
  },
  "fork_post_mp_7_prop": {
    "Name": "fork_post_mp_7_prop",
    "CG": [
      0.0,
      0.0,
      59.055
    ],
    "MASS": 0.831,
    "Translation": [
      -8240.0,
      -800.0,
      -808.1100000000002
    ],
    "Rotation": [
      [
        -3.0616143922368954e-16,
        -1.0,
        6.123233995736766e-17
      ],
      [
        1.0,
        -3.0616143922368954e-16,
        -6.123233995736766e-17
      ],
      [
        6.123233995736769e-17,
        6.123233995736764e-17,
        1.0
      ]
    ]
  },
  "fork_l_5": {
    "Name": "fork_l_5",
    "CG": [
      750.0047788056127,
      0.0,
      0.0
    ],
    "MASS": 5.835893865106039,
    "Translation": [
      -8240.0,
      -50.0,
      -1.2789769243681803e-13
    ],
    "Rotation": [
      [
        -0.0,
        -1.0,
        -6.123233995736766e-17
      ],
      [
        -1.0,
        -3.749399456654644e-33,
        6.123233995736766e-17
      ],
      [
        -6.123233995736766e-17,
        6.123233995736766e-17,
        -1.0
      ]
    ]
  },
  "post_l_5": {
    "Name": "post_l_5",
    "CG": [
      249.99998895212968,
      0.0,
      0.0
    ],
    "MASS": 1.9395911911056019,
    "Translation": [
      -8240.0,
      -800.0,
      -50.00000000000017
    ],
    "Rotation": [
      [
        -6.123233995736766e-17,
        -1.8369701987210297e-16,
        1.0
      ],
      [
        6.123233995736766e-17,
        1.0,
        1.8369701987210297e-16
      ],
      [
        -1.0,
        6.123233995736767e-17,
        -6.123233995736765e-17
      ]
    ]
  },
  "fork_post_mp_9_motor": {
    "Name": "fork_post_mp_9_motor",
    "CG": [
      0.0,
      70.0231557879992,
      0.00091554108992975
    ],
    "MASS": 35.0,
    "Translation": [
      -8240.0,
      -800.0,
      -690.0000000000002
    ],
    "Rotation": [
      [
        -1.0,
        6.123233995736766e-17,
        -1.8369701987210297e-16
      ],
      [
        -1.8369701987210297e-16,
        -6.123233995736766e-17,
        1.0
      ],
      [
        6.123233995736765e-17,
        1.0,
        6.123233995736767e-17
      ]
    ]
  },
  "fork_post_mp_9_prop": {
    "Name": "fork_post_mp_9_prop",
    "CG": [
      0.0,
      0.0,
      59.055
    ],
    "MASS": 0.831,
    "Translation": [
      -8240.0,
      -800.0,
      -808.1100000000002
    ],
    "Rotation": [
      [
        -3.0616143922368954e-16,
        -1.0,
        6.123233995736766e-17
      ],
      [
        1.0,
        -3.0616143922368954e-16,
        -6.123233995736766e-17
      ],
      [
        6.123233995736769e-17,
        6.123233995736764e-17,
        1.0
      ]
    ]
  },
  "fork_r_4": {
    "Name": "fork_r_4",
    "CG": [
      750.0047788056127,
      0.0,
      0.0
    ],
    "MASS": 5.835893865106039,
    "Translation": [
      -8240.0,
      50.0,
      0.0
    ],
    "Rotation": [
      [
        0.0,
        -1.0,
        -6.123233995736766e-17
      ],
      [
        1.0,
        1.1248198369963932e-32,
        -1.8369701987210297e-16
      ],
      [
        1.8369701987210297e-16,
        -6.123233995736766e-17,
        1.0
      ]
    ]
  },
  "post_r_4": {
    "Name": "post_r_4",
    "CG": [
      249.99998895212968,
      0.0,
      0.0
    ],
    "MASS": 1.9395911911056019,
    "Translation": [
      -8240.0,
      800.0,
      -49.999999999999865
    ],
    "Rotation": [
      [
        1.8369701987210297e-16,
        -6.123233995736766e-17,
        1.0
      ],
      [
        1.8369701987210297e-16,
        1.0,
        6.123233995736762e-17
      ],
      [
        -1.0,
        1.8369701987210297e-16,
        1.8369701987210297e-16
      ]
    ]
  },
  "fork_post_mp_8_motor": {
    "Name": "fork_post_mp_8_motor",
    "CG": [
      0.0,
      70.0231557879992,
      0.00091554108992975
    ],
    "MASS": 35.0,
    "Translation": [
      -8240.0,
      800.0000000000001,
      -689.9999999999999
    ],
    "Rotation": [
      [
        -1.0,
        -1.8369701987210297e-16,
        -6.123233995736766e-17
      ],
      [
        -6.123233995736762e-17,
        -1.8369701987210297e-16,
        1.0
      ],
      [
        -1.8369701987210297e-16,
        1.0,
        1.8369701987210297e-16
      ]
    ]
  },
  "fork_post_mp_8_prop": {
    "Name": "fork_post_mp_8_prop",
    "CG": [
      0.0,
      0.0,
      59.055
    ],
    "MASS": 0.831,
    "Translation": [
      -8240.0,
      800.0000000000001,
      -808.1099999999999
    ],
    "Rotation": [
      [
        -1.8369675930895425e-16,
        -1.0,
        -1.8369701987210297e-16
      ],
      [
        1.0,
        -1.836967593089542e-16,
        -1.8369701987210297e-16
      ],
      [
        1.8369701987210294e-16,
        -1.83697019872103e-16,
        1.0
      ]
    ]
  },
  "fork_r_5": {
    "Name": "fork_r_5",
    "CG": [
      750.0047788056127,
      0.0,
      0.0
    ],
    "MASS": 5.835893865106039,
    "Translation": [
      -8240.0,
      50.0,
      0.0
    ],
    "Rotation": [
      [
        0.0,
        -1.0,
        -6.123233995736766e-17
      ],
      [
        1.0,
        1.1248198369963932e-32,
        -1.8369701987210297e-16
      ],
      [
        1.8369701987210297e-16,
        -6.123233995736766e-17,
        1.0
      ]
    ]
  },
  "post_r_5": {
    "Name": "post_r_5",
    "CG": [
      249.99998895212968,
      0.0,
      0.0
    ],
    "MASS": 1.9395911911056019,
    "Translation": [
      -8240.0,
      800.0,
      -49.999999999999865
    ],
    "Rotation": [
      [
        1.8369701987210297e-16,
        -6.123233995736766e-17,
        1.0
      ],
      [
        1.8369701987210297e-16,
        1.0,
        6.123233995736762e-17
      ],
      [
        -1.0,
        1.8369701987210297e-16,
        1.8369701987210297e-16
      ]
    ]
  },
  "tbar_post_2": {
    "Name": "tbar_post_2",
    "CG": [
      500.0000410528325,
      0.0,
      0.0
    ],
    "MASS": 3.887774502129468,
    "Translation": [
      -8240.0,
      800.0000000000001,
      -549.9999999999999
    ],
    "Rotation": [
      [
        1.8369701987210297e-16,
        -6.123233995736766e-17,
        1.0
      ],
      [
        1.8369701987210297e-16,
        1.0,
        6.123233995736762e-17
      ],
      [
        -1.0,
        1.8369701987210297e-16,
        1.8369701987210297e-16
      ]
    ]
  },
  "tail_tbar_post_mp_motor": {
    "Name": "tail_tbar_post_mp_motor",
    "CG": [
      0.0,
      70.0231557879992,
      0.00091554108992975
    ],
    "MASS": 35.0,
    "Translation": [
      -8240.0,
      800.0000000000003,
      -1690.0
    ],
    "Rotation": [
      [
        -1.0,
        -1.8369701987210297e-16,
        -6.123233995736766e-17
      ],
      [
        -6.123233995736762e-17,
        -1.8369701987210297e-16,
        1.0
      ],
      [
        -1.8369701987210297e-16,
        1.0,
        1.8369701987210297e-16
      ]
    ]
  },
  "tail_tbar_post_mp_prop": {
    "Name": "tail_tbar_post_mp_prop",
    "CG": [
      0.0,
      0.0,
      59.055
    ],
    "MASS": 0.831,
    "Translation": [
      -8240.0,
      800.0000000000003,
      -1808.11
    ],
    "Rotation": [
      [
        -1.8369675930895425e-16,
        -1.0,
        -1.8369701987210297e-16
      ],
      [
        1.0,
        -1.836967593089542e-16,
        -1.8369701987210297e-16
      ],
      [
        1.8369701987210294e-16,
        -1.83697019872103e-16,
        1.0
      ]
    ]
  },
  "tbar_cross_2": {
    "Name": "tbar_cross_2",
    "CG": [
      500.0000410528325,
      0.0,
      0.0
    ],
    "MASS": 3.887774502129468,
    "Translation": [
      -8240.0,
      850.0000000000002,
      -1050.0
    ],
    "Rotation": [
      [
        -2.4492935982947064e-16,
        1.0,
        1.8369701987210294e-16
      ],
      [
        1.0,
        2.449293598294706e-16,
        1.83697019872103e-16
      ],
      [
        1.8369701987210294e-16,
        1.83697019872103e-16,
        -1.0
      ]
    ]
  },
  "fork_post_mp_10_motor": {
    "Name": "fork_post_mp_10_motor",
    "CG": [
      0.0,
      70.0231557879992,
      0.00091554108992975
    ],
    "MASS": 35.0,
    "Translation": [
      -8240.0,
      800.0000000000001,
      -689.9999999999999
    ],
    "Rotation": [
      [
        -1.0,
        -1.8369701987210297e-16,
        -6.123233995736766e-17
      ],
      [
        -6.123233995736762e-17,
        -1.8369701987210297e-16,
        1.0
      ],
      [
        -1.8369701987210297e-16,
        1.0,
        1.8369701987210297e-16
      ]
    ]
  },
  "fork_post_mp_10_prop": {
    "Name": "fork_post_mp_10_prop",
    "CG": [
      0.0,
      0.0,
      59.055
    ],
    "MASS": 0.831,
    "Translation": [
      -8240.0,
      800.0000000000001,
      -808.1099999999999
    ],
    "Rotation": [
      [
        -1.8369675930895425e-16,
        -1.0,
        -1.8369701987210297e-16
      ],
      [
        1.0,
        -1.836967593089542e-16,
        -1.8369701987210297e-16
      ],
      [
        1.8369701987210294e-16,
        -1.83697019872103e-16,
        1.0
      ]
    ]
  },
  "fork_l_3": {
    "Name": "fork_l_3",
    "CG": [
      750.0047788056127,
      0.0,
      0.0
    ],
    "MASS": 5.835893865106039,
    "Translation": [
      -6240.0,
      -50.0,
      -1.2789769243681803e-13
    ],
    "Rotation": [
      [
        -0.0,
        -1.0,
        -6.123233995736766e-17
      ],
      [
